CurrentTime [sec],indexPositionCommand (1-DoF) [mm],indexPosition X [mm],indexPosition Y [mm],indexPosition Z [mm],indexOrientation X [deg],indexOrientation Y [deg],indexOrientation Z [deg],indexDiameter [m],thumbPositionCommand (1-DoF) [mm],thumbPosition X [mm],thumbPosition Y [mm],thumbPosition Z [mm],thumbOrientation X [deg],thumbOrientation Y [deg],thumbOrientation Z [deg],thumbScaleValue [m],cubePosition X [mm],cubePosition Y [mm],cubePosition Z [mm],cubeOrientation X [deg],cubeOrientation Y [deg],cubeOrientation Z [deg],cubeLength [m],cubeStiffness [N/m],startingAreaPosition X [mm],startingAreaPosition Y [mm],startingAreaPosition Z [mm],startingAreaRadius [m],startingAreaHeight [m],targetAreaPosition X [mm],targetAreaPosition Y [mm],targetAreaPosition Z [mm],targetAreaRadius [m],targetAreaHeight [m],Successes,Failures,timeOfCurrentSuccess [sec],timeSinceLastSuccess [sec],Trial Number,Index Shear ForceY,Thumb Shear ForceY,CubeWeight,CubeAccelerationX,CubeAccelerationY,CubeAccelerationZ,Lift [>0 for pickup],Arduino finalPos1 [mm],Arduino finalPos2 [mm],Arduino Elapsed Time [ms]
0.02,0,0.2889758,-0.1744726,0.4597655,0.7300043,230.69,353.39,0.02,0,0.2483612,-0.1867408,-0.2465833,318.16,17.82001,186.5,0.02,0.3,0.025,0.2,0,0,0,0.05,500,0.3,0.025,0.2,0.2,0.025,0.3,0.025,-0.2,0.2,0.025,0,0,0,0,1,0,0,9.81,0,0,0,0,,0.00,0
0.3015346,0,0.2893314,-0.1660906,0.4605529,359.65,228.3,354.16,0.02,0,0.2482342,-0.1867408,-0.2465833,318.16,17.82001,186.5,0.02,0.3,0.025,0.2,0,0,0,0.05,500,0.3,0.025,0.2,0.2,0.025,0.3,0.025,-0.2,0.2,0.025,0,0,0,0,1,0,0,9.81,0,0,0,0,,0.00,0
0.3332024,0,0.3240278,0.03215641,0.3475991,327.26,251.15,317.31,0.02,0,0.2483612,-0.1867408,-0.2465833,318.16,17.82001,186.5,0.02,0.3,0.025,0.2,0,0,0,0.05,500,0.3,0.025,0.2,0.2,0.025,0.3,0.025,-0.2,0.2,0.025,0,0,0,0,1,0,0,9.81,0,0,0,0,0,0.00,0
0.4032299,0,0.3579622,0.05168903,0.2964689,315.4,269.98,339.19,0.02,0,0.2483612,-0.1867408,-0.2465833,318.16,17.82001,186.5,0.02,0.3,0.025,0.2,0,0,0,0.05,500,0.3,0.025,0.2,0.2,0.025,0.3,0.025,-0.2,0.2,0.025,0,0,0,0,1,0,0,9.81,0,0,0,0,.00,0.00,0
0.4751593,0,0.3804158,0.05636263,0.2687829,305.11,268.11,350.86,0.02,0,0.2483612,-0.1867408,-0.2465833,318.16,17.82001,186.5,0.02,0.3,0.025,0.2,0,0,0,0.05,500,0.3,0.025,0.2,0.2,0.025,0.3,0.025,-0.2,0.2,0.025,0,0,0,0,1,0,0,9.81,0,0,0,0,0.00,0.00,0
0.4955676,0,0.3850894,0.058166,0.2620772,303.05,268.24,351.72,0.02,0,0.2483612,-0.1867408,-0.2465833,318.16,17.82001,186.5,0.02,0.3,0.025,0.2,0,0,0,0.05,500,0.3,0.025,0.2,0.2,0.025,0.3,0.025,-0.2,0.2,0.025,0,0,0,0,1,0,0,9.81,0,0,0,0,.00,0.00,0
0.5177011,0,0.387985,0.059944,0.2563877,301.6,268.4,351.85,0.02,0,0.2483612,-0.1867408,-0.2465833,318.16,17.82001,186.5,0.02,0.3,0.025,0.2,0,0,0,0.05,500,0.3,0.025,0.2,0.2,0.025,0.3,0.025,-0.2,0.2,0.025,0,0,0,0,1,0,0,9.81,0,0,0,0,,0.00,0
0.5322559,0,0.3887724,0.06037581,0.2542794,301.22,268.35,351.85,0.02,0,0.2483612,-0.1867408,-0.2465833,318.16,17.82001,186.5,0.02,0.3,0.025,0.2,0,0,0,0.05,500,0.3,0.025,0.2,0.2,0.025,0.3,0.025,-0.2,0.2,0.025,0,0,0,0,1,0,0,9.81,0,0,0,0,,0.00,0
3.5422,0,0.330073,0.02880362,0.4117596,350.66,243.76,350.64,0.02,0,0.2482342,-0.1867408,-0.2465833,318.16,17.82001,186.5,0.02,0.3,0.025,0.2,0,0,0,0.05,500,0.3,0.025,0.2,0.2,0.025,0.3,0.025,-0.2,0.2,0.025,0,0,0,0,1,0,0,9.81,-5.181042E-22,0,-9.252344E-23,0,0.00,0.00,0
3.566757,0,0.3273806,0.02824479,0.4229355,354.18,244.49,350.51,0.02,0,0.2482342,-0.1867408,-0.2465833,318.16,17.82001,186.5,0.02,0.3,0.025,0.2,0,0,0,0.05,500,0.3,0.025,0.2,0.2,0.025,0.3,0.025,-0.2,0.2,0.025,0,0,0,0,1,0,0,9.81,4.548515E-23,0,8.122772E-24,0,0.00,0.00,0
3.579465,0,0.3267202,0.02689859,0.4329685,357.78,245.13,350.62,0.02,0,0.2482342,-0.1867408,-0.2465833,318.16,17.82001,186.5,0.02,0.3,0.025,0.2,0,0,0,0.05,500,0.3,0.025,0.2,0.2,0.025,0.3,0.025,-0.2,0.2,0.025,0,0,0,0,1,0,0,9.81,-2.021562E-23,0,-3.610121E-24,0,.00,0.00,0
3.590903,0,0.3267202,0.0262382,0.4365499,359.19,245.32,350.73,0.02,0,0.2483612,-0.1867408,-0.2465833,318.16,17.82001,186.5,0.02,0.3,0.025,0.2,0,0,0,0.05,500,0.3,0.025,0.2,0.2,0.025,0.3,0.025,-0.2,0.2,0.025,0,0,0,0,1,0,0,9.81,8.98472E-24,0,1.604498E-24,0,00,0.00,0
3.603884,0,0.3269488,0.02522221,0.4427983,1.049997,245.63,350.93,0.02,0,0.2483612,-0.1867408,-0.2465833,318.16,17.82001,186.5,0.02,0.3,0.025,0.2,0,0,0,0.05,500,0.3,0.025,0.2,0.2,0.025,0.3,0.025,-0.2,0.2,0.025,0,0,0,0,1,0,0,9.81,-3.993209E-24,0,-7.131103E-25,0,00,0.00,0
3.612988,0,0.3270504,0.0241046,0.4461511,2.419998,245.85,350.99,0.02,0,0.2483612,-0.1867408,-0.2465833,318.16,17.82001,186.5,0.02,0.3,0.025,0.2,0,0,0,0.05,500,0.3,0.025,0.2,0.2,0.025,0.3,0.025,-0.2,0.2,0.025,0,0,0,0,1,0,0,9.81,1.77476E-24,0,3.169379E-25,0,0,0.00,0
3.626005,0,0.3270504,0.02298701,0.4517391,4.170001,246.31,351.23,0.02,0,0.2483612,-0.1867408,-0.2465833,318.16,17.82001,186.5,0.02,0.3,0.025,0.2,0,0,0,0.05,500,0.3,0.025,0.2,0.2,0.025,0.3,0.025,-0.2,0.2,0.025,0,0,0,0,1,0,0,9.81,-7.887821E-25,0,-1.408613E-25,0,,0.00,0
3.636786,0,0.32639,0.021209,0.4554221,5.250005,246.53,351.39,0.02,0,0.2483612,-0.1867408,-0.2465833,318.16,17.82001,186.5,0.02,0.3,0.025,0.2,0,0,0,0.05,500,0.3,0.025,0.2,0.2,0.025,0.3,0.025,-0.2,0.2,0.025,0,0,0,0,1,0,0,9.81,3.505698E-25,0,6.260504E-26,0,.00,0.00,0
3.648244,0,0.325374,0.01584959,0.4633469,7.999996,247.24,352.02,0.02,0,0.2483612,-0.1867408,-0.2465833,318.16,17.82001,186.5,0.02,0.3,0.025,0.2,0,0,0,0.05,500,0.3,0.025,0.2,0.2,0.025,0.3,0.025,-0.2,0.2,0.025,0,0,0,0,1,0,0,9.81,-1.558088E-25,0,-2.782446E-26,0,.00,0.00,0
3.655945,0,0.325374,0.01584959,0.4633469,7.999996,247.24,352.02,0.02,0,0.2483612,-0.1867408,-0.2465833,318.16,17.82001,186.5,0.02,0.3,0.025,0.2,0,0,0,0.05,500,0.3,0.025,0.2,0.2,0.025,0.3,0.025,-0.2,0.2,0.025,0,0,0,0,1,0,0,9.81,6.924837E-26,0,1.236643E-26,0,.00,0.00,0
3.664374,0,0.325374,0.01584959,0.4633469,7.999996,247.24,352.02,0.02,0,0.2483612,-0.1867408,-0.2465833,318.16,17.82001,186.5,0.02,0.3,0.025,0.2,0,0,0,0.05,500,0.3,0.025,0.2,0.2,0.025,0.3,0.025,-0.2,0.2,0.025,0,0,0,0,1,0,0,9.81,6.924837E-26,0,1.236643E-26,0,.00,0.00,0
3.674077,0,0.3247136,0.007137388,0.4700271,10.63,247.68,353.3,0.02,0,0.2483612,-0.1867408,-0.2465833,318.16,17.82001,186.5,0.02,0.3,0.025,0.2,0,0,0,0.05,500,0.3,0.025,0.2,0.2,0.025,0.3,0.025,-0.2,0.2,0.025,0,0,0,0,1,0,0,9.81,-3.077705E-26,0,-5.49619E-27,0,.00,0.00,0
3.683962,0,0.3238246,0.004698992,0.4725925,11.4,248.12,353.87,0.02,0,0.2483612,-0.1867408,-0.2465833,318.16,17.82001,186.5,0.02,0.3,0.025,0.2,0,0,0,0.05,500,0.3,0.025,0.2,0.2,0.025,0.3,0.025,-0.2,0.2,0.025,0,0,0,0,1,0,0,9.81,1.367869E-26,0,2.442751E-27,0,.00,0.00,0
3.695471,0,0.3228086,0.001904994,0.4749547,12.06,248.58,354.59,0.02,0,0.2483612,-0.1867408,-0.2465833,318.16,17.82001,186.5,0.02,0.3,0.025,0.2,0,0,0,0.05,500,0.3,0.025,0.2,0.2,0.025,0.3,0.025,-0.2,0.2,0.025,0,0,0,0,1,0,0,9.81,-6.079417E-27,0,-1.085667E-27,0,.00,0.00,0
3.704885,0,0.322707,-0.003454387,0.4776217,13.49,249.13,355.54,0.02,0,0.2483612,-0.1867408,-0.2465833,318.16,17.82001,186.5,0.02,0.3,0.025,0.2,0,0,0,0.05,500,0.3,0.025,0.2,0.2,0.025,0.3,0.025,-0.2,0.2,0.025,0,0,0,0,1,0,0,9.81,2.701963E-27,0,4.825188E-28,0,.00,0.00,0
3.716794,0,0.322707,-0.006476998,0.4789679,14.37,249.7,356.07,0.02,0,0.2483612,-0.1867408,-0.2465833,318.16,17.82001,186.5,0.02,0.3,0.025,0.2,0,0,0,0.05,500,0.3,0.025,0.2,0.2,0.025,0.3,0.025,-0.2,0.2,0.025,0,0,0,0,1,0,0,9.81,-1.200873E-27,0,-2.144528E-28,0,.00,0.00,0
3.726548,0,0.321691,-0.008712202,0.4821937,15.29,251.04,356.92,0.02,0,0.2483612,-0.1867408,-0.2465833,318.16,17.82001,186.5,0.02,0.3,0.025,0.2,0,0,0,0.05,500,0.3,0.025,0.2,0.2,0.025,0.3,0.025,-0.2,0.2,0.025,0,0,0,0,1,0,0,9.81,5.337212E-28,0,9.531236E-29,0,.00,0.00,0
3.736034,0,0.322707,-0.01272541,0.4832097,16.41,251.61,357.41,0.02,0,0.2483612,-0.1867408,-0.2465833,318.16,17.82001,186.5,0.02,0.3,0.025,0.2,0,0,0,0.05,500,0.3,0.025,0.2,0.2,0.025,0.3,0.025,-0.2,0.2,0.025,0,0,0,0,1,0,0,9.81,-2.372094E-28,0,-4.236105E-29,0,.00,0.00,0
3.74713,0,0.324485,-0.01574799,0.4834383,17.81999,252.38,357.91,0.02,0,0.2483612,-0.1867408,-0.2465833,318.16,17.82001,186.5,0.02,0.3,0.025,0.2,0,0,0,0.05,500,0.3,0.025,0.2,0.2,0.025,0.3,0.025,-0.2,0.2,0.025,0,0,0,0,1,0,0,9.81,1.054264E-28,0,1.882714E-29,0,.00,0.00,0
3.757032,0,0.3261614,-0.01841497,0.4852163,19.27,254.09,358.75,0.02,0,0.2483612,-0.1867408,-0.2465833,318.16,17.82001,186.5,0.02,0.3,0.025,0.2,0,0,0,0.05,500,0.3,0.025,0.2,0.2,0.025,0.3,0.025,-0.2,0.2,0.025,0,0,0,0,1,0,0,9.81,-4.685619E-29,0,-8.367616E-30,0,.00,0.00,0
3.768198,0,0.333756,-0.02722883,0.4842003,23.07001,256.66,0.5500026,0.02,0,0.2483612,-0.1867408,-0.2465833,318.16,17.82001,186.5,0.02,0.3,0.025,0.2,0,0,0,0.05,500,0.3,0.025,0.2,0.2,0.025,0.3,0.025,-0.2,0.2,0.025,0,0,0,0,1,0,0,9.81,2.082497E-29,0,3.718941E-30,0,.00,0.00,0
3.778082,0,0.3352038,-0.02923539,0.4843273,24.19,258.11,1.469994,0.02,0,0.2483612,-0.1867408,-0.2465833,318.16,17.82001,186.5,0.02,0.3,0.025,0.2,0,0,0,0.05,500,0.3,0.025,0.2,0.2,0.025,0.3,0.025,-0.2,0.2,0.025,0,0,0,0,1,0,0,9.81,-9.255545E-30,0,-1.652862E-30,0,.00,0.00,0
3.788644,0,0.3352038,-0.02923539,0.4843273,24.19,258.11,1.469994,0.02,0,0.2483612,-0.1867408,-0.2465833,318.16,17.82001,186.5,0.02,0.3,0.025,0.2,0,0,0,0.05,500,0.3,0.025,0.2,0.2,0.025,0.3,0.025,-0.2,0.2,0.025,0,0,0,0,1,0,0,9.81,-9.255545E-30,0,-1.652862E-30,0,.00,0.00,0
3.799133,0,0.3444748,-0.03906521,0.4803141,28.54,260.95,3.91,0.02,0,0.2483612,-0.1867408,-0.2465833,318.16,17.82001,186.5,0.02,0.3,0.025,0.2,0,0,0,0.05,500,0.3,0.025,0.2,0.2,0.025,0.3,0.025,-0.2,0.2,0.025,0,0,0,0,1,0,0,9.81,4.113576E-30,0,7.346055E-31,0,.00,0.00,0
3.808858,0,0.349377,-0.04330698,0.4792981,30.26,262.05,5.030005,0.02,0,0.2483612,-0.1867408,-0.2465833,318.16,17.82001,186.5,0.02,0.3,0.025,0.2,0,0,0,0.05,500,0.3,0.025,0.2,0.2,0.025,0.3,0.025,-0.2,0.2,0.025,0,0,0,0,1,0,0,9.81,-1.828256E-30,0,-3.264913E-31,0,.00,0.00,0
3.819672,0,0.3564128,-0.04833624,0.4770629,32.87,263.76,6.389997,0.02,0,0.2483612,-0.1867408,-0.2465833,318.16,17.82001,186.5,0.02,0.3,0.025,0.2,0,0,0,0.05,500,0.3,0.025,0.2,0.2,0.025,0.3,0.025,-0.2,0.2,0.025,0,0,0,0,1,0,0,9.81,8.125582E-31,0,1.451073E-31,0,.00,0.00,0
3.829894,0,0.3640074,-0.05468619,0.4748277,35.16,264.27,7.599997,0.02,0,0.2483612,-0.1867408,-0.2465833,318.16,17.82001,186.5,0.02,0.3,0.025,0.2,0,0,0,0.05,500,0.3,0.025,0.2,0.2,0.025,0.3,0.025,-0.2,0.2,0.025,0,0,0,0,1,0,0,9.81,-3.61137E-31,0,-6.449212E-32,0,.00,0.00,0
3.840497,0,0.366776,-0.05925819,0.4740657,36.40999,264.97,8.789999,0.02,0,0.2483612,-0.1867408,-0.2465833,318.16,17.82001,186.5,0.02,0.3,0.025,0.2,0,0,0,0.05,500,0.3,0.025,0.2,0.2,0.025,0.3,0.025,-0.2,0.2,0.025,0,0,0,0,1,0,0,9.81,1.605053E-31,0,2.866316E-32,0,.00,0.00,0
3.851252,0,0.3745992,-0.06484622,0.4747261,38.41,266.07,10.14999,0.02,0,0.2483612,-0.1867408,-0.2465833,318.16,17.82001,186.5,0.02,0.3,0.025,0.2,0,0,0,0.05,500,0.3,0.025,0.2,0.2,0.025,0.3,0.025,-0.2,0.2,0.025,0,0,0,0,1,0,0,9.81,-7.13357E-32,0,-1.273918E-32,0,.00,0.00,0
3.862351,0,0.376936,-0.07122159,0.4728211,39.77,266.07,11.38,0.02,0,0.2483612,-0.1867408,-0.2465833,318.16,17.82001,186.5,0.02,0.3,0.025,0.2,0,0,0,0.05,500,0.3,0.025,0.2,0.2,0.025,0.3,0.025,-0.2,0.2,0.025,0,0,0,0,1,0,0,9.81,3.170476E-32,0,5.66186E-33,0,.00,0.00,0
3.871697,0,0.380619,-0.07790178,0.4731513,41.11,266.44,13.23,0.02,0,0.2483612,-0.1867408,-0.2465833,318.16,17.82001,186.5,0.02,0.3,0.025,0.2,0,0,0,0.05,500,0.3,0.025,0.2,0.2,0.025,0.3,0.025,-0.2,0.2,0.025,0,0,0,0,1,0,0,9.81,-1.4091E-32,0,-2.516382E-33,0,.00,0.00,0
3.881881,0,0.3813048,-0.08069581,0.4728211,41.79,266.81,14.15,0.02,0,0.2483612,-0.1867408,-0.2465833,318.16,17.82001,186.5,0.02,0.3,0.025,0.2,0,0,0,0.05,500,0.3,0.025,0.2,0.2,0.025,0.3,0.025,-0.2,0.2,0.025,0,0,0,0,1,0,0,9.81,6.262668E-33,0,1.118392E-33,0,.00,0.00,0
3.892962,0,0.3855466,-0.08851898,0.4693667,43.33,266.26,15.36,0.02,0,0.2483612,-0.1867408,-0.2465833,318.16,17.82001,186.5,0.02,0.3,0.025,0.2,0,0,0,0.05,500,0.3,0.025,0.2,0.2,0.025,0.3,0.025,-0.2,0.2,0.025,0,0,0,0,1,0,0,9.81,-2.783408E-33,0,-4.970631E-34,0,.00,0.00,0
3.902312,0,0.3883406,-0.101473,0.4661409,44.23001,265.25,17.60001,0.02,0,0.2483612,-0.1867408,-0.2465833,318.16,17.82001,186.5,0.02,0.3,0.025,0.2,0,0,0,0.05,500,0.3,0.025,0.2,0.2,0.025,0.3,0.025,-0.2,0.2,0.025,0,0,0,0,1,0,0,9.81,1.23707E-33,0,2.209169E-34,0,.00,0.00,0
3.914317,0,0.3922268,-0.1077214,0.4646677,44.98,264.99,18.81,0.02,0,0.2483612,-0.1867408,-0.2465833,318.16,17.82001,186.5,0.02,0.3,0.025,0.2,0,0,0,0.05,500,0.3,0.025,0.2,0.2,0.025,0.3,0.025,-0.2,0.2,0.025,0,0,0,0,1,0,0,9.81,-5.49809E-34,0,-9.818531E-35,0,.00,0.00,0
3.923263,0,0.3988308,-0.1278129,0.4560825,46.41,262.68,21.18001,0.02,0,0.2483612,-0.1867408,-0.2465833,318.16,17.82001,186.5,0.02,0.3,0.025,0.2,0,0,0,0.05,500,0.3,0.025,0.2,0.2,0.025,0.3,0.025,-0.2,0.2,0.025,0,0,0,0,1,0,0,9.81,2.443596E-34,0,4.363792E-35,0,.00,0.00,0
3.934683,0,0.4017264,-0.1388618,0.4529583,46.69,261.47,22.79001,0.02,0,0.2483612,-0.1867408,-0.2465833,318.16,17.82001,186.5,0.02,0.3,0.025,0.2,0,0,0,0.05,500,0.3,0.025,0.2,0.2,0.025,0.3,0.025,-0.2,0.2,0.025,0,0,0,0,1,0,0,9.81,-1.086042E-34,0,-1.939463E-35,0,.00,0.00,0
3.944818,0,0.4053078,-0.1477772,0.4499357,47.02,260.57,24.06,0.02,0,0.2483612,-0.1867408,-0.2465833,318.16,17.82001,186.5,0.02,0.3,0.025,0.2,0,0,0,0.05,500,0.3,0.025,0.2,0.2,0.025,0.3,0.025,-0.2,0.2,0.025,0,0,0,0,1,0,0,9.81,4.826855E-35,0,8.619836E-36,0,.00,0.00,0
3.954224,0,0.4053078,-0.1477772,0.4499357,47.02,260.57,24.06,0.02,0,0.2483612,-0.1867408,-0.2465833,318.16,17.82001,186.5,0.02,0.3,0.025,0.2,0,0,0,0.05,500,0.3,0.025,0.2,0.2,0.025,0.3,0.025,-0.2,0.2,0.025,0,0,0,0,1,0,0,9.81,4.826855E-35,0,8.619836E-36,0,.00,0.00,0
3.965615,0,0.4123182,-0.1732281,0.4379977,48.22999,257.28,27,0.02,0,0.2483612,-0.1867408,-0.2465833,318.16,17.82001,186.5,0.02,0.3,0.025,0.2,0,0,0,0.05,500,0.3,0.025,0.2,0.2,0.025,0.3,0.025,-0.2,0.2,0.025,0,0,0,0,1,0,0,9.81,-2.145269E-35,0,-3.831038E-36,0,.00,0.00,0
3.975275,0,0.4134358,-0.1768094,0.4375659,48.47001,257.08,27.88,0.02,0,0.2483612,-0.1867408,-0.2465833,318.16,17.82001,186.5,0.02,0.3,0.025,0.2,0,0,0,0.05,500,0.3,0.025,0.2,0.2,0.025,0.3,0.025,-0.2,0.2,0.025,0,0,0,0,1,0,0,9.81,9.53453E-36,0,1.702684E-36,0,.00,0.00,0
3.98622,0,0.4178046,-0.1837182,0.4312921,49.59,256.18,28.65,0.02,0,0.2483612,-0.1867408,-0.2465833,318.16,17.82001,186.5,0.02,0.3,0.025,0.2,0,0,0,0.05,500,0.3,0.025,0.2,0.2,0.025,0.3,0.025,-0.2,0.2,0.025,0,0,0,0,1,0,0,9.81,-4.237569E-36,0,-7.567483E-37,0,.00,0.00,0
3.996614,0,0.41656,-0.1881887,0.4297427,49.75001,255.48,29.21999,0.02,0,0.2483612,-0.1867408,-0.2465833,318.16,17.82001,186.5,0.02,0.3,0.025,0.2,0,0,0,0.05,500,0.3,0.025,0.2,0.2,0.025,0.3,0.025,-0.2,0.2,0.025,0,0,0,0,1,0,0,9.81,1.883364E-36,0,3.363326E-37,0,.00,0.00,0
4.007224,0,0.4192524,-0.1890776,0.4292855,50.32,255.65,29.79,0.02,0,0.2483612,-0.1867408,-0.2465833,318.16,17.82001,186.5,0.02,0.3,0.025,0.2,0,0,0,0.05,500,0.3,0.025,0.2,0.2,0.025,0.3,0.025,-0.2,0.2,0.025,0,0,0,0,1,0,0,9.81,-8.370507E-37,0,-1.494812E-37,0,.00,0.00,0
4.017837,0,0.421259,-0.1903223,0.4271773,51.06,255.56,30.08,0.02,0,0.2483612,-0.1867408,-0.2465833,318.16,17.82001,186.5,0.02,0.3,0.025,0.2,0,0,0,0.05,500,0.3,0.025,0.2,0.2,0.025,0.3,0.025,-0.2,0.2,0.025,0,0,0,0,1,0,0,9.81,3.720225E-37,0,6.643606E-38,0,.00,0.00,0
4.027461,0,0.423926,-0.1989075,0.4229355,51.48,254.44,31.10999,0.02,0,0.2483612,-0.1867408,-0.2465833,318.16,17.82001,186.5,0.02,0.3,0.025,0.2,0,0,0,0.05,500,0.3,0.025,0.2,0.2,0.025,0.3,0.025,-0.2,0.2,0.025,0,0,0,0,1,0,0,9.81,-1.653434E-37,0,-2.952715E-38,0,.00,0.00,0
4.038148,0,0.42672,-0.2009141,0.4226053,51.61,254.47,31.79,0.02,0,0.2483612,-0.1867408,-0.2465833,318.16,17.82001,186.5,0.02,0.3,0.025,0.2,0,0,0,0.05,500,0.3,0.025,0.2,0.2,0.025,0.3,0.025,-0.2,0.2,0.025,0,0,0,0,1,0,0,9.81,7.348594E-38,0,1.312316E-38,0,.00,0.00,0
4.048584,0,0.4247134,-0.2097279,0.4166871,51.48001,253.1,33.01999,0.02,0,0.2483612,-0.1867408,-0.2465833,318.16,17.82001,186.5,0.02,0.3,0.025,0.2,0,0,0,0.05,500,0.3,0.025,0.2,0.2,0.025,0.3,0.025,-0.2,0.2,0.025,0,0,0,0,1,0,0,9.81,-3.26604E-38,0,-5.832541E-39,0,.00,0.00,0
4.05953,0,0.4265168,-0.2137665,0.4156711,51.09,252.8,33.67999,0.02,0,0.2483612,-0.1867408,-0.2465833,318.16,17.82001,186.5,0.02,0.3,0.025,0.2,0,0,0,0.05,500,0.3,0.025,0.2,0.2,0.025,0.3,0.025,-0.2,0.2,0.025,0,0,0,0,1,0,0,9.81,1.451571E-38,0,2.592234E-39,0,.00,0.00,0
4.068922,0,0.4269486,-0.2169922,0.4103117,51.33001,252.38,34.32,0.02,0,0.2483612,-0.1867408,-0.2465833,318.16,17.82001,186.5,0.02,0.3,0.025,0.2,0,0,0,0.05,500,0.3,0.025,0.2,0.2,0.025,0.3,0.025,-0.2,0.2,0.025,0,0,0,0,1,0,0,9.81,-6.45141E-39,0,-1.152092E-39,0,.00,0.00,0
4.080354,0,0.427609,-0.2252472,0.4048507,51.11,251.26,35.31001,0.02,0,0.2483612,-0.1867408,-0.2465833,318.16,17.82001,186.5,0.02,0.3,0.025,0.2,0,0,0,0.05,500,0.3,0.025,0.2,0.2,0.025,0.3,0.025,-0.2,0.2,0.025,0,0,0,0,1,0,0,9.81,2.867281E-39,0,5.120345E-40,0,.00,0.00,0
4.089807,0,0.425958,-0.2292605,0.4032759,50.23001,250.69,35.59999,0.02,0,0.2483612,-0.1867408,-0.2465833,318.16,17.82001,186.5,0.02,0.3,0.025,0.2,0,0,0,0.05,500,0.3,0.025,0.2,0.2,0.025,0.3,0.025,-0.2,0.2,0.025,0,0,0,0,1,0,0,9.81,-1.274341E-39,0,-2.275709E-40,0,.00,0.00,0
4.100259,0,0.426847,-0.2321815,0.4010661,49.75001,250.4,35.55,0.02,0,0.2483612,-0.1867408,-0.2465833,318.16,17.82001,186.5,0.02,0.3,0.025,0.2,0,0,0,0.05,500,0.3,0.025,0.2,0.2,0.025,0.3,0.025,-0.2,0.2,0.025,0,0,0,0,1,0,0,9.81,5.663488E-40,0,1.011177E-40,0,.00,0.00,0
4.11129,0,0.4252722,-0.2373123,0.3974847,49.13001,249.41,35.71,0.02,0,0.2483612,-0.1867408,-0.2465833,318.16,17.82001,186.5,0.02,0.3,0.025,0.2,0,0,0,0.05,500,0.3,0.025,0.2,0.2,0.025,0.3,0.025,-0.2,0.2,0.025,0,0,0,0,1,0,0,9.81,-2.517293E-40,0,-4.495365E-41,0,.00,0.00,0
4.120739,0,0.4252722,-0.2373123,0.3974847,49.13001,249.41,35.71,0.02,0,0.2483612,-0.1867408,-0.2465833,318.16,17.82001,186.5,0.02,0.3,0.025,0.2,0,0,0,0.05,500,0.3,0.025,0.2,0.2,0.025,0.3,0.025,-0.2,0.2,0.025,0,0,0,0,1,0,0,9.81,-2.517293E-40,0,-4.495365E-41,0,.00,0.00,0
4.132275,0,0.4262882,-0.2434337,0.3931413,47.7,248.07,35.44001,0.02,0,0.2483612,-0.1867408,-0.2465833,318.16,17.82001,186.5,0.02,0.3,0.025,0.2,0,0,0,0.05,500,0.3,0.025,0.2,0.2,0.025,0.3,0.025,-0.2,0.2,0.025,0,0,0,0,1,0,0,9.81,1.118797E-40,0,1.995449E-41,0,.00,0.00,0
4.141832,0,0.424942,-0.2463547,0.3906775,47.24,247.19,35.23999,0.02,0,0.2483612,-0.1867408,-0.2465833,318.16,17.82001,186.5,0.02,0.3,0.025,0.2,0,0,0,0.05,500,0.3,0.025,0.2,0.2,0.025,0.3,0.025,-0.2,0.2,0.025,0,0,0,0,1,0,0,9.81,-4.971807E-41,0,-8.856206E-42,0,.00,0.00,0
4.152764,0,0.4252722,-0.2501392,0.3878835,46.47,246.07,35.24,0.02,0,0.2483612,-0.1867408,-0.2465833,318.16,17.82001,186.5,0.02,0.3,0.025,0.2,0,0,0,0.05,500,0.3,0.025,0.2,0.2,0.025,0.3,0.025,-0.2,0.2,0.025,0,0,0,0,1,0,0,9.81,2.208446E-41,0,3.923636E-42,0,.00,0.00,0
4.162911,0,0.4246118,-0.2515871,0.3865373,46.03001,245.5,35.05001,0.02,0,0.2483612,-0.1867408,-0.2465833,318.16,17.82001,186.5,0.02,0.3,0.025,0.2,0,0,0,0.05,500,0.3,0.025,0.2,0.2,0.025,0.3,0.025,-0.2,0.2,0.025,0,0,0,0,1,0,0,9.81,-9.809089E-42,0,-1.73761E-42,0,.00,0.00,0
4.17259,0,0.423037,-0.2538222,0.3848609,45.34999,244.58,34.83001,0.02,0,0.2483612,-0.1867408,-0.2465833,318.16,17.82001,186.5,0.02,0.3,0.025,0.2,0,0,0,0.05,500,0.3,0.025,0.2,0.2,0.025,0.3,0.025,-0.2,0.2,0.025,0,0,0,0,1,0,0,9.81,4.372051E-42,0,7.847271E-43,0,.00,0.00,0
4.184125,0,0.4228084,-0.256286,0.3839719,44.89,243.96,34.87001,0.02,0,0.2483612,-0.1867408,-0.2465833,318.16,17.82001,186.5,0.02,0.3,0.025,0.2,0,0,0,0.05,500,0.3,0.025,0.2,0.2,0.025,0.3,0.025,-0.2,0.2,0.025,0,0,0,0,1,0,0,9.81,-1.961818E-42,0,-3.363116E-43,0,.00,0.00,0
4.194017,0,0.423926,-0.258064,0.3828543,44.63001,243.63,34.94,0.02,0,0.2483612,-0.1867408,-0.2465833,318.16,17.82001,186.5,0.02,0.3,0.025,0.2,0,0,0,0.05,500,0.3,0.025,0.2,0.2,0.025,0.3,0.025,-0.2,0.2,0.025,0,0,0,0,1,0,0,9.81,8.96831E-43,0,1.681558E-43,0,.00,0.00,0
4.204626,0,0.4261612,-0.2602992,0.3798571,44.66999,243.33,35.05001,0.02,0,0.2483612,-0.1867408,-0.2465833,318.16,17.82001,186.5,0.02,0.3,0.025,0.2,0,0,0,0.05,500,0.3,0.025,0.2,0.2,0.025,0.3,0.025,-0.2,0.2,0.025,0,0,0,0,1,0,0,9.81,-3.923636E-43,0,-5.605194E-44,0,.00,0.00,0
4.214711,0,0.4283964,-0.2639822,0.3773933,44.6,243.06,35.24,0.02,0,0.2483612,-0.1867408,-0.2465833,318.16,17.82001,186.5,0.02,0.3,0.025,0.2,0,0,0,0.05,500,0.3,0.025,0.2,0.2,0.025,0.3,0.025,-0.2,0.2,0.025,0,0,0,0,1,0,0,9.81,1.681558E-43,0,0,0,.00,0.00,0
4.224813,0,0.4338828,-0.2683257,0.3715766,45.37,243.59,35.30999,0.02,0,0.2483612,-0.1867408,-0.2465833,318.16,17.82001,186.5,0.02,0.3,0.025,0.2,0,0,0,0.05,500,0.3,0.025,0.2,0.2,0.025,0.3,0.025,-0.2,0.2,0.025,0,0,0,0,1,0,0,9.81,-5.605194E-44,0,0,0,.00,0.00,0
4.235756,0,0.4337558,-0.2723643,0.3692398,45.48,243.9,35,0.02,0,0.2483612,-0.1867408,-0.2465833,318.16,17.82001,186.5,0.02,0.3,0.025,0.2,0,0,0,0.05,500,0.3,0.025,0.2,0.2,0.025,0.3,0.025,-0.2,0.2,0.025,0,0,0,0,1,0,0,9.81,0,0,0,0,.00,0.00,0
4.245934,0,0.4335272,-0.2769363,0.3663443,45.62001,244.05,34.65,0.02,0,0.2483612,-0.1867408,-0.2465833,318.16,17.82001,186.5,0.02,0.3,0.025,0.2,0,0,0,0.05,500,0.3,0.025,0.2,0.2,0.025,0.3,0.025,-0.2,0.2,0.025,0,0,0,0,1,0,0,9.81,0,0,0,0,.00,0.00,0
4.256683,0,0.4336542,-0.2814067,0.3645662,46.12,245.32,33.18,0.02,0,0.2483612,-0.1867408,-0.2465833,318.16,17.82001,186.5,0.02,0.3,0.025,0.2,0,0,0,0.05,500,0.3,0.025,0.2,0.2,0.025,0.3,0.025,-0.2,0.2,0.025,0,0,0,0,1,0,0,9.81,0,0,0,0,.00,0.00,0
4.266835,0,0.4300728,-0.2832862,0.3641091,46.34,246.14,31.95001,0.02,0,0.2483612,-0.1867408,-0.2465833,318.16,17.82001,186.5,0.02,0.3,0.025,0.2,0,0,0,0.05,500,0.3,0.025,0.2,0.2,0.025,0.3,0.025,-0.2,0.2,0.025,0,0,0,0,1,0,0,9.81,0,0,0,0,.00,0.00,0
4.277746,0,0.4300728,-0.2832862,0.3641091,46.34,246.14,31.95001,0.02,0,0.2483612,-0.1867408,-0.2465833,318.16,17.82001,186.5,0.02,0.3,0.025,0.2,0,0,0,0.05,500,0.3,0.025,0.2,0.2,0.025,0.3,0.025,-0.2,0.2,0.025,0,0,0,0,1,0,0,9.81,0,0,0,0,.00,0.00,0
4.287717,0,0.4232656,-0.2854199,0.3653283,47.13,249.3,27.4,0.02,0,0.2483612,-0.1867408,-0.2465833,318.16,17.82001,186.5,0.02,0.3,0.025,0.2,0,0,0,0.05,500,0.3,0.025,0.2,0.2,0.025,0.3,0.025,-0.2,0.2,0.025,0,0,0,0,1,0,0,9.81,0,0,0,0,.00,0.00,0
4.297816,0,0.4215892,-0.2854199,0.3647695,47.5,250.03,26.34999,0.02,0,0.2483612,-0.1867408,-0.2465833,318.16,17.82001,186.5,0.02,0.3,0.025,0.2,0,0,0,0.05,500,0.3,0.025,0.2,0.2,0.025,0.3,0.025,-0.2,0.2,0.025,0,0,0,0,1,0,0,9.81,0,0,0,0,.00,0.00,0
4.308296,0,0.424053,-0.2836419,0.3644392,48.16001,250.86,25.75,0.02,0,0.2483612,-0.1867408,-0.2465833,318.16,17.82001,186.5,0.02,0.3,0.025,0.2,0,0,0,0.05,500,0.3,0.025,0.2,0.2,0.025,0.3,0.025,-0.2,0.2,0.025,0,0,0,0,1,0,0,9.81,0,0,0,0,.00,0.00,0
4.318324,0,0.4255008,-0.282067,0.3626612,48.95999,251.61,25.11,0.02,0,0.2483612,-0.1867408,-0.2465833,318.16,17.82001,186.5,0.02,0.3,0.025,0.2,0,0,0,0.05,500,0.3,0.025,0.2,0.2,0.025,0.3,0.025,-0.2,0.2,0.025,0,0,0,0,1,0,0,9.81,0,0,0,0,.00,0.00,0
4.329788,0,0.425958,-0.2825243,0.3632201,49.06001,251.81,24.81,0.02,0,0.2483612,-0.1867408,-0.2465833,318.16,17.82001,186.5,0.02,0.3,0.025,0.2,0,0,0,0.05,500,0.3,0.025,0.2,0.2,0.025,0.3,0.025,-0.2,0.2,0.025,0,0,0,0,1,0,0,9.81,0,0,0,0,.00,0.00,0
4.339228,0,0.4291838,-0.2826258,0.3608833,49.60999,252.07,24.97999,0.02,0,0.2483612,-0.1867408,-0.2465833,318.16,17.82001,186.5,0.02,0.3,0.025,0.2,0,0,0,0.05,500,0.3,0.025,0.2,0.2,0.025,0.3,0.025,-0.2,0.2,0.025,0,0,0,0,1,0,0,9.81,0,0,0,0,.00,0.00,0
4.350733,0,0.4303014,-0.2828544,0.3607562,49.87999,252.58,24.61,0.02,0,0.2483612,-0.1867408,-0.2465833,318.16,17.82001,186.5,0.02,0.3,0.025,0.2,0,0,0,0.05,500,0.3,0.025,0.2,0.2,0.025,0.3,0.025,-0.2,0.2,0.025,0,0,0,0,1,0,0,9.81,0,0,0,0,.00,0.00,0
4.360777,0,0.430403,-0.2845308,0.3596387,49.88,252.44,24.65,0.02,0,0.2483612,-0.1867408,-0.2465833,318.16,17.82001,186.5,0.02,0.3,0.025,0.2,0,0,0,0.05,500,0.3,0.025,0.2,0.2,0.025,0.3,0.025,-0.2,0.2,0.025,0,0,0,0,1,0,0,9.81,0,0,0,0,.00,0.00,0
4.37015,0,0.4315206,-0.2864104,0.3593085,49.86,252.62,24.63,0.02,0,0.2483612,-0.1867408,-0.2465833,318.16,17.82001,186.5,0.02,0.3,0.025,0.2,0,0,0,0.05,500,0.3,0.025,0.2,0.2,0.025,0.3,0.025,-0.2,0.2,0.025,0,0,0,0,1,0,0,9.81,0,0,0,0,.00,0.00,0
4.381618,0,0.431292,-0.2857501,0.3590799,49.94,252.93,24.46,0.02,0,0.2483612,-0.1867408,-0.2465833,318.16,17.82001,186.5,0.02,0.3,0.025,0.2,0,0,0,0.05,500,0.3,0.025,0.2,0.2,0.025,0.3,0.025,-0.2,0.2,0.025,0,0,0,0,1,0,0,9.81,0,0,0,0,.00,0.00,0
4.391392,0,0.4285234,-0.2859786,0.3608833,49.59,253.15,23.97,0.02,0,0.2483612,-0.1867408,-0.2465833,318.16,17.82001,186.5,0.02,0.3,0.025,0.2,0,0,0,0.05,500,0.3,0.025,0.2,0.2,0.025,0.3,0.025,-0.2,0.2,0.025,0,0,0,0,1,0,0,9.81,0,0,0,0,.00,0.00,0
4.402184,0,0.4269486,-0.2851912,0.3616453,49.42001,253.43,23.77,0.02,0,0.2483612,-0.1867408,-0.2465833,318.16,17.82001,186.5,0.02,0.3,0.025,0.2,0,0,0,0.05,500,0.3,0.025,0.2,0.2,0.025,0.3,0.025,-0.2,0.2,0.025,0,0,0,0,1,0,0,9.81,0,0,0,0,.00,0.00,0
4.412481,0,0.4253992,-0.2826258,0.363093,49.46,254.03,23.38,0.02,0,0.2483612,-0.1867408,-0.2465833,318.16,17.82001,186.5,0.02,0.3,0.025,0.2,0,0,0,0.05,500,0.3,0.025,0.2,0.2,0.025,0.3,0.025,-0.2,0.2,0.025,0,0,0,0,1,0,0,9.81,0,0,0,0,.00,0.00,0
4.423097,0,0.4210304,-0.2802891,0.3652267,49.09001,254.49,22.83,0.02,0,0.2483612,-0.1867408,-0.2465833,318.16,17.82001,186.5,0.02,0.3,0.025,0.2,0,0,0,0.05,500,0.3,0.025,0.2,0.2,0.025,0.3,0.025,-0.2,0.2,0.025,0,0,0,0,1,0,0,9.81,0,0,0,0,.00,0.00,0
4.43343,0,0.4201414,-0.2784856,0.3657854,49.13001,254.77,22.70002,0.02,0,0.2483612,-0.1867408,-0.2465833,318.16,17.82001,186.5,0.02,0.3,0.025,0.2,0,0,0,0.05,500,0.3,0.025,0.2,0.2,0.025,0.3,0.025,-0.2,0.2,0.025,0,0,0,0,1,0,0,9.81,0,0,0,0,.00,0.00,0
4.44358,0,0.4201414,-0.2784856,0.3657854,49.13001,254.77,22.70002,0.02,0,0.2483612,-0.1867408,-0.2465833,318.16,17.82001,186.5,0.02,0.3,0.025,0.2,0,0,0,0.05,500,0.3,0.025,0.2,0.2,0.025,0.3,0.025,-0.2,0.2,0.025,0,0,0,0,1,0,0,9.81,0,0,0,0,.00,0.00,0
4.454109,0,0.4204716,-0.2750313,0.3663443,49.46,255.26,22.43001,0.02,0,0.2483612,-0.1867408,-0.2465833,318.16,17.82001,186.5,0.02,0.3,0.025,0.2,0,0,0,0.05,500,0.3,0.025,0.2,0.2,0.025,0.3,0.025,-0.2,0.2,0.025,0,0,0,0,1,0,0,9.81,0,0,0,0,.00,0.00,0
4.464294,0,0.4209288,-0.2750313,0.3663443,49.44,255.19,22.46,0.02,0,0.2483612,-0.1867408,-0.2465833,318.16,17.82001,186.5,0.02,0.3,0.025,0.2,0,0,0,0.05,500,0.3,0.025,0.2,0.2,0.025,0.3,0.025,-0.2,0.2,0.025,0,0,0,0,1,0,0,9.81,0,0,0,0,.00,0.00,0
4.475062,0,0.4219194,-0.2749296,0.3661156,49.53,255.17,22.52,0.02,0,0.2483612,-0.1867408,-0.2465833,318.16,17.82001,186.5,0.02,0.3,0.025,0.2,0,0,0,0.05,500,0.3,0.025,0.2,0.2,0.025,0.3,0.025,-0.2,0.2,0.025,0,0,0,0,1,0,0,9.81,0,0,0,0,.00,0.00,0
4.485208,0,0.4224782,-0.2751583,0.3661156,49.53,255.1,22.54001,0.02,0,0.2483612,-0.1867408,-0.2465833,318.16,17.82001,186.5,0.02,0.3,0.025,0.2,0,0,0,0.05,500,0.3,0.025,0.2,0.2,0.025,0.3,0.025,-0.2,0.2,0.025,0,0,0,0,1,0,0,9.81,0,0,0,0,.00,0.00,0
4.496402,0,0.4233672,-0.2758187,0.3660141,49.46,254.9,22.68001,0.02,0,0.2483612,-0.1867408,-0.2465833,318.16,17.82001,186.5,0.02,0.3,0.025,0.2,0,0,0,0.05,500,0.3,0.025,0.2,0.2,0.025,0.3,0.025,-0.2,0.2,0.025,0,0,0,0,1,0,0,9.81,0,0,0,0,.00,0.00,0
4.506003,0,0.4243832,-0.2763774,0.365887,49.46001,254.79,22.75999,0.02,0,0.2483612,-0.1867408,-0.2465833,318.16,17.82001,186.5,0.02,0.3,0.025,0.2,0,0,0,0.05,500,0.3,0.025,0.2,0.2,0.025,0.3,0.025,-0.2,0.2,0.025,0,0,0,0,1,0,0,9.81,0,0,0,0,.00,0.00,0
4.516363,0,0.4256024,-0.2777237,0.3652267,49.46,254.6,22.95998,0.02,0,0.2483612,-0.1867408,-0.2465833,318.16,17.82001,186.5,0.02,0.3,0.025,0.2,0,0,0,0.05,500,0.3,0.025,0.2,0.2,0.025,0.3,0.025,-0.2,0.2,0.025,0,0,0,0,1,0,0,9.81,0,0,0,0,.00,0.00,0
4.527258,0,0.42672,-0.2798319,0.3646679,49.39001,254.33,23.23,0.02,0,0.2483612,-0.1867408,-0.2465833,318.16,17.82001,186.5,0.02,0.3,0.025,0.2,0,0,0,0.05,500,0.3,0.025,0.2,0.2,0.025,0.3,0.025,-0.2,0.2,0.025,0,0,0,0,1,0,0,9.81,0,0,0,0,.00,0.00,0
4.536833,0,0.427736,-0.2802891,0.3641091,49.48,254.36,23.36,0.02,0,0.2483612,-0.1867408,-0.2465833,318.16,17.82001,186.5,0.02,0.3,0.025,0.2,0,0,0,0.05,500,0.3,0.025,0.2,0.2,0.025,0.3,0.025,-0.2,0.2,0.025,0,0,0,0,1,0,0,9.81,0,0,0,0,.00,0.00,0
4.548209,0,0.4292854,-0.2808478,0.3627628,49.75,254.47,23.6,0.02,0,0.2483612,-0.1867408,-0.2465833,318.19,17.82001,186.5,0.02,0.3,0.025,0.2,0,0,0,0.05,500,0.3,0.025,0.2,0.2,0.025,0.3,0.025,-0.2,0.2,0.025,0,0,0,0,1,0,0,9.81,0,0,0,0,.00,0.00,0
4.557642,0,0.4297426,-0.280289,0.3628899,49.82999,254.6,23.62,0.02,0,0.2483612,-0.1867408,-0.2465833,318.19,17.82001,186.5,0.02,0.3,0.025,0.2,0,0,0,0.05,500,0.3,0.025,0.2,0.2,0.025,0.3,0.025,-0.2,0.2,0.025,0,0,0,0,1,0,0,9.81,0,0,0,0,.00,0.00,0
4.569357,0,0.4301998,-0.2792731,0.3628899,50.01,254.77,23.6,0.02,0,0.2483612,-0.1867408,-0.2465833,318.19,17.82001,186.5,0.02,0.3,0.025,0.2,0,0,0,0.05,500,0.3,0.025,0.2,0.2,0.025,0.3,0.025,-0.2,0.2,0.025,0,0,0,0,1,0,0,9.81,0,0,0,0,.00,0.00,0
4.579065,0,0.4300728,-0.2787142,0.363093,50.02999,254.86,23.54999,0.02,0,0.2483612,-0.1867408,-0.2465833,318.19,17.82001,186.5,0.02,0.3,0.025,0.2,0,0,0,0.05,500,0.3,0.025,0.2,0.2,0.025,0.3,0.025,-0.2,0.2,0.025,0,0,0,0,1,0,0,9.81,0,0,0,0,.00,0.00,0
4.588498,0,0.4300728,-0.2787142,0.363093,50.02999,254.86,23.54999,0.02,0,0.2483612,-0.1867408,-0.2465833,318.19,17.82001,186.5,0.02,0.3,0.025,0.2,0,0,0,0.05,500,0.3,0.025,0.2,0.2,0.025,0.3,0.025,-0.2,0.2,0.025,0,0,0,0,1,0,0,9.81,0,0,0,0,.00,0.00,0
4.599852,0,0.4292854,-0.2775966,0.3641091,49.99,255.01,23.44001,0.02,0,0.2483612,-0.1867408,-0.2465833,318.16,17.82001,186.5,0.02,0.3,0.025,0.2,0,0,0,0.05,500,0.3,0.025,0.2,0.2,0.025,0.3,0.025,-0.2,0.2,0.025,0,0,0,0,1,0,0,9.81,0,0,0,0,.00,0.00,0
4.610294,0,0.4281678,-0.2769363,0.3648964,49.87999,255.08,23.36001,0.02,0,0.2483612,-0.1867408,-0.2465833,318.16,17.82001,186.5,0.02,0.3,0.025,0.2,0,0,0,0.05,500,0.3,0.025,0.2,0.2,0.025,0.3,0.025,-0.2,0.2,0.025,0,0,0,0,1,0,0,9.81,0,0,0,0,.00,0.00,0
4.620712,0,0.4257294,-0.2755901,0.366776,49.59,255.26,23.18001,0.02,0,0.2483612,-0.1867408,-0.2465833,318.16,17.82001,186.5,0.02,0.3,0.025,0.2,0,0,0,0.05,500,0.3,0.025,0.2,0.2,0.025,0.3,0.025,-0.2,0.2,0.025,0,0,0,0,1,0,0,9.81,0,0,0,0,.00,0.00,0
4.631291,0,0.4250436,-0.2756917,0.3670047,49.50001,255.3,23.22999,0.02,0,0.2483612,-0.1867408,-0.2465833,318.16,17.82001,186.5,0.02,0.3,0.025,0.2,0,0,0,0.05,500,0.3,0.025,0.2,0.2,0.025,0.3,0.025,-0.2,0.2,0.025,0,0,0,0,1,0,0,9.81,0,0,0,0,.00,0.00,0
4.641699,0,0.4247134,-0.276479,0.3670047,49.35,255.21,23.31001,0.02,0,0.2483612,-0.1867408,-0.2465833,318.16,17.82001,186.5,0.02,0.3,0.025,0.2,0,0,0,0.05,500,0.3,0.025,0.2,0.2,0.025,0.3,0.025,-0.2,0.2,0.025,0,0,0,0,1,0,0,9.81,0,0,0,0,.00,0.00,0
4.651587,0,0.424942,-0.2769363,0.366776,49.31001,255.17,23.40001,0.02,0,0.2483612,-0.1868424,-0.2465833,318.16,17.82001,186.5,0.02,0.3,0.025,0.2,0,0,0,0.05,500,0.3,0.025,0.2,0.2,0.025,0.3,0.025,-0.2,0.2,0.025,0,0,0,0,1,0,0,9.81,0,0,0,0,.00,0.00,0
4.661945,0,0.4252722,-0.2771648,0.3664459,49.33,255.15,23.44,0.02,0,0.2483612,-0.1868424,-0.2465833,318.19,17.82001,186.5,0.02,0.3,0.025,0.2,0,0,0,0.05,500,0.3,0.025,0.2,0.2,0.025,0.3,0.025,-0.2,0.2,0.025,0,0,0,0,1,0,0,9.81,0,0,0,0,.00,0.00,0
4.672498,0,0.4256024,-0.2775967,0.3661156,49.35001,255.1,23.51,0.02,0,0.2483612,-0.1868424,-0.2465833,318.19,17.82001,186.5,0.02,0.3,0.025,0.2,0,0,0,0.05,500,0.3,0.025,0.2,0.2,0.025,0.3,0.025,-0.2,0.2,0.025,0,0,0,0,1,0,0,9.81,0,0,0,0,.00,0.00,0
4.682792,0,0.4257294,-0.2777237,0.365887,49.34999,255.08,23.52999,0.02,0,0.2483612,-0.1868424,-0.2465833,318.19,17.82001,186.5,0.02,0.3,0.025,0.2,0,0,0,0.05,500,0.3,0.025,0.2,0.2,0.025,0.3,0.025,-0.2,0.2,0.025,0,0,0,0,1,0,0,9.81,0,0,0,0,.00,0.00,0
4.694128,0,0.4265168,-0.2780539,0.364998,49.46,255.06,23.62,0.02,0,0.2483612,-0.1868424,-0.2465833,318.19,17.82001,186.5,0.02,0.3,0.025,0.2,0,0,0,0.05,500,0.3,0.025,0.2,0.2,0.025,0.3,0.025,-0.2,0.2,0.025,0,0,0,0,1,0,0,9.81,0,0,0,0,.00,0.00,0
4.703517,0,0.4269486,-0.2783841,0.3642106,49.55001,255.01,23.65999,0.02,0,0.2483612,-0.1868424,-0.2465833,318.19,17.82001,186.5,0.02,0.3,0.025,0.2,0,0,0,0.05,500,0.3,0.025,0.2,0.2,0.025,0.3,0.025,-0.2,0.2,0.025,0,0,0,0,1,0,0,9.81,0,0,0,0,.00,0.00,0
4.714689,0,0.427609,-0.2787142,0.3634486,49.64001,254.97,23.73001,0.02,0,0.2483612,-0.1868424,-0.2465833,318.19,17.82001,186.5,0.02,0.3,0.025,0.2,0,0,0,0.05,500,0.3,0.025,0.2,0.2,0.025,0.3,0.025,-0.2,0.2,0.025,0,0,0,0,1,0,0,9.81,0,0,0,0,.00,0.00,0
4.724646,0,0.4292854,-0.2786126,0.3617723,49.94,255.06,23.86,0.02,0,0.2483612,-0.1868424,-0.2465833,318.19,17.82001,186.5,0.02,0.3,0.025,0.2,0,0,0,0.05,500,0.3,0.025,0.2,0.2,0.025,0.3,0.025,-0.2,0.2,0.025,0,0,0,0,1,0,0,9.81,0,0,0,0,.00,0.00,0
4.73485,0,0.4303014,-0.2787142,0.3608833,50.13999,255.08,23.95,0.02,0,0.2483612,-0.1868424,-0.2465833,318.16,17.82001,186.5,0.02,0.3,0.025,0.2,0,0,0,0.05,500,0.3,0.025,0.2,0.2,0.025,0.3,0.025,-0.2,0.2,0.025,0,0,0,0,1,0,0,9.81,0,0,0,0,.00,0.00,0
4.745429,0,0.4307332,-0.2789429,0.3601975,50.27001,255.1,24.05999,0.02,0,0.2483612,-0.1868424,-0.2465833,318.16,17.82001,186.5,0.02,0.3,0.025,0.2,0,0,0,0.05,500,0.3,0.025,0.2,0.2,0.025,0.3,0.025,-0.2,0.2,0.025,0,0,0,0,1,0,0,9.81,0,0,0,0,.00,0.00,0
4.755242,0,0.4307332,-0.2789429,0.3601975,50.27001,255.1,24.05999,0.02,0,0.2483612,-0.1868424,-0.2465833,318.16,17.82001,186.5,0.02,0.3,0.025,0.2,0,0,0,0.05,500,0.3,0.025,0.2,0.2,0.025,0.3,0.025,-0.2,0.2,0.025,0,0,0,0,1,0,0,9.81,0,0,0,0,.00,0.00,0
4.767004,0,0.4317492,-0.2786126,0.3598673,50.54,255.26,24.13,0.02,0,0.2483612,-0.1868424,-0.2465833,318.16,17.82001,186.5,0.02,0.3,0.025,0.2,0,0,0,0.05,500,0.3,0.025,0.2,0.2,0.025,0.3,0.025,-0.2,0.2,0.025,0,0,0,0,1,0,0,9.81,0,0,0,0,.00,0.00,0
4.777036,0,0.4317492,-0.2786126,0.3598673,50.54,255.26,24.13,0.02,0,0.2483612,-0.1868424,-0.2465833,318.16,17.82001,186.5,0.02,0.3,0.025,0.2,0,0,0,0.05,500,0.3,0.025,0.2,0.2,0.025,0.3,0.025,-0.2,0.2,0.025,0,0,0,0,1,0,0,9.81,0,0,0,0,.00,0.00,0
4.786184,0,0.4311904,-0.2782825,0.3607562,50.52,255.39,24.02,0.02,0,0.2483612,-0.1868424,-0.2465833,318.16,17.82001,186.5,0.02,0.3,0.025,0.2,0,0,0,0.05,500,0.3,0.025,0.2,0.2,0.025,0.3,0.025,-0.2,0.2,0.025,0,0,0,0,1,0,0,9.81,0,0,0,0,.00,0.00,0
4.797368,0,0.4307332,-0.2781554,0.3613151,50.46999,255.45,23.88001,0.02,0,0.2483612,-0.1868424,-0.2465833,318.16,17.82001,186.5,0.02,0.3,0.025,0.2,0,0,0,0.05,500,0.3,0.025,0.2,0.2,0.025,0.3,0.025,-0.2,0.2,0.025,0,0,0,0,1,0,0,9.81,0,0,0,0,.00,0.00,0
4.807004,0,0.4301998,-0.2781555,0.3617723,50.35999,255.45,23.8,0.02,0,0.2483612,-0.1868424,-0.2465833,318.16,17.82001,186.5,0.02,0.3,0.025,0.2,0,0,0,0.05,500,0.3,0.025,0.2,0.2,0.025,0.3,0.025,-0.2,0.2,0.025,0,0,0,0,1,0,0,9.81,0,0,0,0,.00,0.00,0
4.81863,0,0.4289552,-0.2782825,0.3621024,50.12,255.43,23.6,0.02,0,0.2483612,-0.1868424,-0.2465833,318.19,17.82001,186.5,0.02,0.3,0.025,0.2,0,0,0,0.05,500,0.3,0.025,0.2,0.2,0.025,0.3,0.025,-0.2,0.2,0.025,0,0,0,0,1,0,0,9.81,0,0,0,0,.00,0.00,0
4.828706,0,0.4280662,-0.2782825,0.3624327,49.92001,255.39,23.49,0.02,0,0.2483612,-0.1868424,-0.2465833,318.19,17.82001,186.5,0.02,0.3,0.025,0.2,0,0,0,0.05,500,0.3,0.025,0.2,0.2,0.025,0.3,0.025,-0.2,0.2,0.025,0,0,0,0,1,0,0,9.81,0,0,0,0,.00,0.00,0
4.839242,0,0.4275074,-0.2782824,0.3619755,49.75001,255.34,23.49,0.02,0,0.2483612,-0.1868424,-0.2465833,318.19,17.82001,186.5,0.02,0.3,0.025,0.2,0,0,0,0.05,500,0.3,0.025,0.2,0.2,0.025,0.3,0.025,-0.2,0.2,0.025,0,0,0,0,1,0,0,9.81,0,0,0,0,.00,0.00,0
4.849921,0,0.4270502,-0.2782825,0.3610865,49.75,255.28,23.55,0.02,0,0.2483612,-0.1868424,-0.2465833,318.19,17.82001,186.5,0.02,0.3,0.025,0.2,0,0,0,0.05,500,0.3,0.025,0.2,0.2,0.025,0.3,0.025,-0.2,0.2,0.025,0,0,0,0,1,0,0,9.81,0,0,0,0,.00,0.00,0
4.86039,0,0.4266184,-0.2787142,0.3601975,49.68001,255.17,23.69,0.02,0,0.2483612,-0.1868424,-0.2465833,318.19,17.82001,186.5,0.02,0.3,0.025,0.2,0,0,0,0.05,500,0.3,0.025,0.2,0.2,0.025,0.3,0.025,-0.2,0.2,0.025,0,0,0,0,1,0,0,9.81,0,0,0,0,.00,0.00,0
4.870809,0,0.426847,-0.2787142,0.3592069,49.75,255.1,23.84001,0.02,0,0.2483612,-0.1868424,-0.2465833,318.19,17.82001,186.5,0.02,0.3,0.025,0.2,0,0,0,0.05,500,0.3,0.025,0.2,0.2,0.025,0.3,0.025,-0.2,0.2,0.025,0,0,0,0,1,0,0,9.81,0,0,0,0,.00,0.00,0
4.880645,0,0.4274058,-0.2794001,0.3578607,49.86,255.01,24.04,0.02,0,0.2483612,-0.1868424,-0.2465833,318.19,17.82001,186.5,0.02,0.3,0.025,0.2,0,0,0,0.05,500,0.3,0.025,0.2,0.2,0.025,0.3,0.025,-0.2,0.2,0.025,0,0,0,0,1,0,0,9.81,0,0,0,0,.00,0.00,0
4.891248,0,0.427609,-0.2807208,0.3562859,49.94,254.79,24.28002,0.02,0,0.2483612,-0.1868424,-0.2465833,318.19,17.82001,186.5,0.02,0.3,0.025,0.2,0,0,0,0.05,500,0.3,0.025,0.2,0.2,0.025,0.3,0.025,-0.2,0.2,0.025,0,0,0,0,1,0,0,9.81,0,0,0,0,.00,0.00,0
4.901369,0,0.4281678,-0.2811781,0.3556255,50.02998,254.71,24.35001,0.02,0,0.2483612,-0.1868424,-0.2465833,318.19,17.82001,186.5,0.02,0.3,0.025,0.2,0,0,0,0.05,500,0.3,0.025,0.2,0.2,0.025,0.3,0.025,-0.2,0.2,0.025,0,0,0,0,1,0,0,9.81,0,0,0,0,.00,0.00,0
4.912413,0,0.4287266,-0.2815083,0.3550667,50.13999,254.66,24.38999,0.02,0,0.2483612,-0.1868424,-0.2465833,318.16,17.82001,186.5,0.02,0.3,0.025,0.2,0,0,0,0.05,500,0.3,0.025,0.2,0.2,0.025,0.3,0.025,-0.2,0.2,0.025,0,0,0,0,1,0,0,9.81,0,0,0,0,.00,0.00,0
4.922031,0,0.4287266,-0.2815083,0.3550667,50.13999,254.66,24.38999,0.02,0,0.2483612,-0.1868424,-0.2465833,318.16,17.82001,186.5,0.02,0.3,0.025,0.2,0,0,0,0.05,500,0.3,0.025,0.2,0.2,0.025,0.3,0.025,-0.2,0.2,0.025,0,0,0,0,1,0,0,9.81,0,0,0,0,.00,0.00,0
4.932399,0,0.4291838,-0.2819655,0.3551683,50.23001,254.62,24.35001,0.02,0,0.2483612,-0.1867408,-0.2465833,318.16,17.82001,186.5,0.02,0.3,0.025,0.2,0,0,0,0.05,500,0.3,0.025,0.2,0.2,0.025,0.3,0.025,-0.2,0.2,0.025,0,0,0,0,1,0,0,9.81,0,0,0,0,.00,0.00,0
4.943391,0,0.429514,-0.2814067,0.3556255,50.3,254.73,24.26,0.02,0,0.2483612,-0.1867408,-0.2465833,318.16,17.82001,186.5,0.02,0.3,0.025,0.2,0,0,0,0.05,500,0.3,0.025,0.2,0.2,0.025,0.3,0.025,-0.2,0.2,0.025,0,0,0,0,1,0,0,9.81,0,0,0,0,.00,0.00,0
4.953009,0,0.429514,-0.2812797,0.3559557,50.3,254.77,24.21,0.02,0,0.2483612,-0.1867408,-0.2465833,318.16,17.82001,186.5,0.02,0.3,0.025,0.2,0,0,0,0.05,500,0.3,0.025,0.2,0.2,0.025,0.3,0.025,-0.2,0.2,0.025,0,0,0,0,1,0,0,9.81,0,0,0,0,.00,0.00,0
4.964072,0,0.429514,-0.2811781,0.3562859,50.27002,254.82,24.19001,0.02,0,0.2483612,-0.1867408,-0.2465833,318.16,17.82001,186.5,0.02,0.3,0.025,0.2,0,0,0,0.05,500,0.3,0.025,0.2,0.2,0.025,0.3,0.025,-0.2,0.2,0.025,0,0,0,0,1,0,0,9.81,0,0,0,0,.00,0.00,0
4.973645,0,0.429514,-0.2808479,0.3567431,50.25,254.9,24.15,0.02,0,0.2483612,-0.1867408,-0.2465833,318.16,17.82001,186.5,0.02,0.3,0.025,0.2,0,0,0,0.05,500,0.3,0.025,0.2,0.2,0.025,0.3,0.025,-0.2,0.2,0.025,0,0,0,0,1,0,0,9.81,0,0,0,0,.00,0.00,0
4.984866,0,0.4291838,-0.2808478,0.3570732,50.21,254.93,24.13,0.02,0,0.2483612,-0.1867408,-0.2465833,318.16,17.82001,186.5,0.02,0.3,0.025,0.2,0,0,0,0.05,500,0.3,0.025,0.2,0.2,0.025,0.3,0.025,-0.2,0.2,0.025,0,0,0,0,1,0,0,9.81,0,0,0,0,.00,0.00,0
4.994826,0,0.4283964,-0.2807209,0.3578607,50.08,254.97,24.06001,0.02,0,0.2483612,-0.1868424,-0.2465833,318.16,17.82001,186.5,0.02,0.3,0.025,0.2,0,0,0,0.05,500,0.3,0.025,0.2,0.2,0.025,0.3,0.025,-0.2,0.2,0.025,0,0,0,0,1,0,0,9.81,0,0,0,0,.00,0.00,0
5.004896,0,0.4278376,-0.2803907,0.3581909,50.02998,255.04,24.01999,0.02,0,0.2483612,-0.1868424,-0.2465833,318.16,17.82001,186.5,0.02,0.3,0.025,0.2,0,0,0,0.05,500,0.3,0.025,0.2,0.2,0.025,0.3,0.025,-0.2,0.2,0.025,0,0,0,0,1,0,0,9.81,0,0,0,0,.00,0.00,0
5.015984,0,0.4271772,-0.2803907,0.3582925,50.01001,255.06,23.96999,0.02,0,0.2483612,-0.1868424,-0.2465833,318.16,17.82001,186.5,0.02,0.3,0.025,0.2,0,0,0,0.05,500,0.3,0.025,0.2,0.2,0.025,0.3,0.025,-0.2,0.2,0.025,0,0,0,0,1,0,0,9.81,0,0,0,0,.00,0.00,0
5.025516,0,0.425958,-0.2800604,0.3590799,49.86,255.12,23.86,0.02,0,0.2483612,-0.1868424,-0.2465833,318.16,17.82001,186.5,0.02,0.3,0.025,0.2,0,0,0,0.05,500,0.3,0.025,0.2,0.2,0.025,0.3,0.025,-0.2,0.2,0.025,0,0,0,0,1,0,0,9.81,0,0,0,0,.00,0.00,0
5.036686,0,0.425958,-0.2797302,0.3590799,49.88,255.21,23.86,0.02,0,0.2483612,-0.1868424,-0.2465833,318.16,17.82001,186.5,0.02,0.3,0.025,0.2,0,0,0,0.05,500,0.3,0.025,0.2,0.2,0.025,0.3,0.025,-0.2,0.2,0.025,0,0,0,0,1,0,0,9.81,0,0,0,0,.00,0.00,0
5.046963,0,0.4260596,-0.2796033,0.3589783,49.88,255.3,23.86001,0.02,0,0.2483612,-0.1868424,-0.2465833,318.16,17.82001,186.5,0.02,0.3,0.025,0.2,0,0,0,0.05,500,0.3,0.025,0.2,0.2,0.025,0.3,0.025,-0.2,0.2,0.025,0,0,0,0,1,0,0,9.81,0,0,0,0,.00,0.00,0
5.057418,0,0.4262882,-0.2794001,0.35941,49.74999,255.45,23.86001,0.02,0,0.2483612,-0.1868424,-0.2465833,318.16,17.82001,186.5,0.02,0.3,0.025,0.2,0,0,0,0.05,500,0.3,0.025,0.2,0.2,0.025,0.3,0.025,-0.2,0.2,0.025,0,0,0,0,1,0,0,9.81,0,0,0,0,.00,0.00,0
5.067882,0,0.4269486,-0.2795016,0.359537,49.75,255.54,23.95,0.02,0,0.2483612,-0.1868424,-0.2465833,318.16,17.82001,186.5,0.02,0.3,0.025,0.2,0,0,0,0.05,500,0.3,0.025,0.2,0.2,0.025,0.3,0.025,-0.2,0.2,0.025,0,0,0,0,1,0,0,9.81,0,0,0,0,.00,0.00,0
5.077631,0,0.4269486,-0.2795016,0.359537,49.75,255.54,23.95,0.02,0,0.2483612,-0.1868424,-0.2465833,318.16,17.82001,186.5,0.02,0.3,0.025,0.2,0,0,0,0.05,500,0.3,0.025,0.2,0.2,0.025,0.3,0.025,-0.2,0.2,0.025,0,0,0,0,1,0,0,9.81,0,0,0,0,.00,0.00,0
5.088396,0,0.4275074,-0.2799335,0.3601975,49.59,255.59,23.97001,0.02,0,0.2483612,-0.1868424,-0.2465833,318.16,17.82001,186.5,0.02,0.3,0.025,0.2,0,0,0,0.05,500,0.3,0.025,0.2,0.2,0.025,0.3,0.025,-0.2,0.2,0.025,0,0,0,0,1,0,0,9.81,0,0,0,0,.00,0.00,0
5.098749,0,0.427609,-0.2802891,0.3599688,49.64,255.56,24.02,0.02,0,0.2483612,-0.1868424,-0.2465833,318.16,17.82001,186.5,0.02,0.3,0.025,0.2,0,0,0,0.05,500,0.3,0.025,0.2,0.2,0.025,0.3,0.025,-0.2,0.2,0.025,0,0,0,0,1,0,0,9.81,0,0,0,0,.00,0.00,0
5.109302,0,0.4275074,-0.2809494,0.3596387,49.61,255.48,24.07999,0.02,0,0.2483612,-0.1868424,-0.2465833,318.16,17.82001,186.5,0.02,0.3,0.025,0.2,0,0,0,0.05,500,0.3,0.025,0.2,0.2,0.025,0.3,0.025,-0.2,0.2,0.025,0,0,0,0,1,0,0,9.81,0,0,0,0,.00,0.00,0
5.119232,0,0.4275074,-0.2811781,0.3593085,49.61,255.43,24.1,0.02,0,0.2483612,-0.1868424,-0.2465833,318.16,17.82001,186.5,0.02,0.3,0.025,0.2,0,0,0,0.05,500,0.3,0.025,0.2,0.2,0.025,0.3,0.025,-0.2,0.2,0.025,0,0,0,0,1,0,0,9.81,0,0,0,0,.00,0.00,0
5.130439,0,0.427736,-0.2814067,0.3587497,49.70002,255.41,24.15001,0.02,0,0.2483612,-0.1868424,-0.2465833,318.16,17.82001,186.5,0.02,0.3,0.025,0.2,0,0,0,0.05,500,0.3,0.025,0.2,0.2,0.025,0.3,0.025,-0.2,0.2,0.025,0,0,0,0,1,0,0,9.81,0,0,0,0,.00,0.00,0
5.140179,0,0.4275074,-0.2817369,0.3582925,49.72,255.34,24.17,0.02,0,0.2483612,-0.1868424,-0.2465833,318.16,17.82001,186.5,0.02,0.3,0.025,0.2,0,0,0,0.05,500,0.3,0.025,0.2,0.2,0.025,0.3,0.025,-0.2,0.2,0.025,0,0,0,0,1,0,0,9.81,0,0,0,0,.00,0.00,0
5.150808,0,0.427609,-0.2818384,0.3580892,49.71999,255.32,24.17001,0.02,0,0.2483612,-0.1868424,-0.2465833,318.16,17.82001,186.5,0.02,0.3,0.025,0.2,0,0,0,0.05,500,0.3,0.025,0.2,0.2,0.025,0.3,0.025,-0.2,0.2,0.025,0,0,0,0,1,0,0,9.81,0,0,0,0,.00,0.00,0
5.164303,0,0.4278376,-0.2817369,0.357632,49.79,255.34,24.17001,0.02,0,0.2483612,-0.1868424,-0.2465833,318.16,17.82001,186.5,0.02,0.3,0.025,0.2,0,0,0,0.05,500,0.3,0.025,0.2,0.2,0.025,0.3,0.025,-0.2,0.2,0.025,0,0,0,0,1,0,0,9.81,0,0,0,0,.00,0.00,0
5.172678,0,0.4278376,-0.282067,0.3572002,49.79,255.3,24.21,0.02,0,0.2483612,-0.1868424,-0.2465833,318.16,17.82001,186.5,0.02,0.3,0.025,0.2,0,0,0,0.05,500,0.3,0.025,0.2,0.2,0.025,0.3,0.025,-0.2,0.2,0.025,0,0,0,0,1,0,0,9.81,0,0,0,0,.00,0.00,0
5.18301,0,0.4279646,-0.2821686,0.3570732,49.78999,255.28,24.24,0.02,0,0.2483612,-0.1868424,-0.2465833,318.16,17.82001,186.5,0.02,0.3,0.025,0.2,0,0,0,0.05,500,0.3,0.025,0.2,0.2,0.025,0.3,0.025,-0.2,0.2,0.025,0,0,0,0,1,0,0,9.81,0,0,0,0,.00,0.00,0
5.193665,0,0.4282948,-0.2821687,0.3568447,49.88,255.3,24.26,0.02,0,0.2483612,-0.1868424,-0.2465833,318.16,17.82001,186.5,0.02,0.3,0.025,0.2,0,0,0,0.05,500,0.3,0.025,0.2,0.2,0.025,0.3,0.025,-0.2,0.2,0.025,0,0,0,0,1,0,0,9.81,0,0,0,0,.00,0.00,0
5.2052,0,0.4282948,-0.2822957,0.3567431,49.92,255.28,24.28002,0.02,0,0.2483612,-0.1868424,-0.2465833,318.16,17.82001,186.5,0.02,0.3,0.025,0.2,0,0,0,0.05,500,0.3,0.025,0.2,0.2,0.025,0.3,0.025,-0.2,0.2,0.025,0,0,0,0,1,0,0,9.81,0,0,0,0,.00,0.00,0
5.214238,0,0.4283964,-0.2822957,0.3567431,49.93999,255.28,24.30001,0.02,0,0.2483612,-0.1867408,-0.2465833,318.16,17.82001,186.5,0.02,0.3,0.025,0.2,0,0,0,0.05,500,0.3,0.025,0.2,0.2,0.025,0.3,0.025,-0.2,0.2,0.025,0,0,0,0,1,0,0,9.81,0,0,0,0,.00,0.00,0
5.223577,0,0.428625,-0.2821686,0.3566415,50.01,255.32,24.3,0.02,0,0.2483612,-0.1867408,-0.2465833,318.16,17.82001,186.5,0.02,0.3,0.025,0.2,0,0,0,0.05,500,0.3,0.025,0.2,0.2,0.025,0.3,0.025,-0.2,0.2,0.025,0,0,0,0,1,0,0,9.81,0,0,0,0,.00,0.00,0
5.234425,0,0.428625,-0.2821686,0.3566415,50.04999,255.34,24.32001,0.02,0,0.2483612,-0.1867408,-0.2465833,318.16,17.82001,186.5,0.02,0.3,0.025,0.2,0,0,0,0.05,500,0.3,0.025,0.2,0.2,0.025,0.3,0.025,-0.2,0.2,0.025,0,0,0,0,1,0,0,9.81,0,0,0,0,.00,0.00,0
5.245767,0,0.4288536,-0.2820671,0.3566415,50.12,255.41,24.34999,0.02,0,0.2483612,-0.1867408,-0.2465833,318.16,17.82001,186.5,0.02,0.3,0.025,0.2,0,0,0,0.05,500,0.3,0.025,0.2,0.2,0.025,0.3,0.025,-0.2,0.2,0.025,0,0,0,0,1,0,0,9.81,0,0,0,0,.00,0.00,0
5.255433,0,0.4288536,-0.2820671,0.3566415,50.12,255.41,24.34999,0.02,0,0.2483612,-0.1867408,-0.2465833,318.16,17.82001,186.5,0.02,0.3,0.025,0.2,0,0,0,0.05,500,0.3,0.025,0.2,0.2,0.025,0.3,0.025,-0.2,0.2,0.025,0,0,0,0,1,0,0,9.81,0,0,0,0,.00,0.00,0
5.267294,0,0.4297426,-0.2817369,0.3561842,50.36,255.59,24.43,0.02,0,0.2483612,-0.1867408,-0.2465833,318.16,17.82001,186.5,0.02,0.3,0.025,0.2,0,0,0,0.05,500,0.3,0.025,0.2,0.2,0.025,0.3,0.025,-0.2,0.2,0.025,0,0,0,0,1,0,0,9.81,0,0,0,0,.00,0.00,0
5.275644,0,0.4297426,-0.2817369,0.3561842,50.36,255.59,24.43,0.02,0,0.2483612,-0.1867408,-0.2465833,318.16,17.82001,186.5,0.02,0.3,0.025,0.2,0,0,0,0.05,500,0.3,0.025,0.2,0.2,0.025,0.3,0.025,-0.2,0.2,0.025,0,0,0,0,1,0,0,9.81,0,0,0,0,.00,0.00,0
5.286473,0,0.4310888,-0.2803907,0.3564129,50.59999,255.98,24.41001,0.02,0,0.2483612,-0.1867408,-0.2465833,318.16,17.82001,186.5,0.02,0.3,0.025,0.2,0,0,0,0.05,500,0.3,0.025,0.2,0.2,0.025,0.3,0.025,-0.2,0.2,0.025,0,0,0,0,1,0,0,9.81,0,0,0,0,.00,0.00,0
5.297128,0,0.4317492,-0.2802891,0.3561842,50.73,256.05,24.43,0.02,0,0.2483612,-0.1867408,-0.2465833,318.16,17.82001,186.5,0.02,0.3,0.025,0.2,0,0,0,0.05,500,0.3,0.025,0.2,0.2,0.025,0.3,0.025,-0.2,0.2,0.025,0,0,0,0,1,0,0,9.81,0,0,0,0,.00,0.00,0
5.306588,0,0.4317492,-0.2803906,0.3562859,50.69,256.07,24.43,0.02,0,0.2483612,-0.1867408,-0.2465833,318.16,17.82001,186.5,0.02,0.3,0.025,0.2,0,0,0,0.05,500,0.3,0.025,0.2,0.2,0.025,0.3,0.025,-0.2,0.2,0.025,0,0,0,0,1,0,0,9.81,0,0,0,0,.00,0.00,0
5.317866,0,0.4317492,-0.2800605,0.3565145,50.65,256.14,24.41001,0.02,0,0.2483612,-0.1867408,-0.2465833,318.16,17.82001,186.5,0.02,0.3,0.025,0.2,0,0,0,0.05,500,0.3,0.025,0.2,0.2,0.025,0.3,0.025,-0.2,0.2,0.025,0,0,0,0,1,0,0,9.81,0,0,0,0,.00,0.00,0
5.328187,0,0.4319778,-0.2806193,0.3562859,50.63001,256.07,24.51999,0.02,0,0.2483612,-0.1867408,-0.2465833,318.16,17.82001,186.5,0.02,0.3,0.025,0.2,0,0,0,0.05,500,0.3,0.025,0.2,0.2,0.025,0.3,0.025,-0.2,0.2,0.025,0,0,0,0,1,0,0,9.81,0,0,0,0,.00,0.00,0
5.337116,0,0.4317492,-0.281051,0.3562859,50.51999,256,24.54,0.02,0,0.2483612,-0.1867408,-0.2465833,318.16,17.82001,186.5,0.02,0.3,0.025,0.2,0,0,0,0.05,500,0.3,0.025,0.2,0.2,0.025,0.3,0.025,-0.2,0.2,0.025,0,0,0,0,1,0,0,9.81,0,0,0,0,.00,0.00,0
5.34923,0,0.43053,-0.2822957,0.3564129,50.18999,255.85,24.69999,0.02,0,0.2483612,-0.1867408,-0.2465833,318.16,17.82001,186.5,0.02,0.3,0.025,0.2,0,0,0,0.05,500,0.3,0.025,0.2,0.2,0.025,0.3,0.025,-0.2,0.2,0.025,0,0,0,0,1,0,0,9.81,0,0,0,0,.00,0.00,0
5.35887,0,0.4292854,-0.2836419,0.3565145,49.86,255.63,24.83,0.02,0,0.2483612,-0.1868424,-0.2465833,318.16,17.82001,186.5,0.02,0.3,0.025,0.2,0,0,0,0.05,500,0.3,0.025,0.2,0.2,0.025,0.3,0.025,-0.2,0.2,0.025,0,0,0,0,1,0,0,9.81,0,0,0,0,.00,0.00,0
5.370265,0,0.4270502,-0.2827274,0.357632,49.44,255.74,24.72,0.02,0,0.2483612,-0.1868424,-0.2465833,318.16,17.82001,186.5,0.02,0.3,0.025,0.2,0,0,0,0.05,500,0.3,0.025,0.2,0.2,0.025,0.3,0.025,-0.2,0.2,0.025,0,0,0,0,1,0,0,9.81,0,0,0,0,.00,0.00,0
5.380288,0,0.4263898,-0.2823973,0.3580892,49.31001,255.83,24.65,0.02,0,0.2483612,-0.1868424,-0.2465833,318.16,17.82001,186.5,0.02,0.3,0.025,0.2,0,0,0,0.05,500,0.3,0.025,0.2,0.2,0.025,0.3,0.025,-0.2,0.2,0.025,0,0,0,0,1,0,0,9.81,0,0,0,0,.00,0.00,0
5.38982,0,0.4248404,-0.2814067,0.359537,49.05999,255.98,24.46,0.02,0,0.2483612,-0.1868424,-0.2465833,318.16,17.82001,186.5,0.02,0.3,0.025,0.2,0,0,0,0.05,500,0.3,0.025,0.2,0.2,0.025,0.3,0.025,-0.2,0.2,0.025,0,0,0,0,1,0,0,9.81,0,0,0,0,.00,0.00,0
5.401181,0,0.424942,-0.280162,0.3605277,49.04001,256.2,24.3,0.02,0,0.2483612,-0.1868424,-0.2465833,318.16,17.82001,186.53,0.02,0.3,0.025,0.2,0,0,0,0.05,500,0.3,0.025,0.2,0.2,0.025,0.3,0.025,-0.2,0.2,0.025,0,0,0,0,1,0,0,9.81,0,0,0,0,.00,0.00,0
5.410985,0,0.424942,-0.280162,0.3605277,49.04001,256.2,24.3,0.02,0,0.2483612,-0.1868424,-0.2465833,318.16,17.82001,186.53,0.02,0.3,0.025,0.2,0,0,0,0.05,500,0.3,0.025,0.2,0.2,0.025,0.3,0.025,-0.2,0.2,0.025,0,0,0,0,1,0,0,9.81,0,0,0,0,.00,0.00,0
5.421574,0,0.4251706,-0.2787142,0.3615437,49.17001,256.53,24.1,0.02,0,0.2483612,-0.1868424,-0.2465833,318.16,17.82001,186.53,0.02,0.3,0.025,0.2,0,0,0,0.05,500,0.3,0.025,0.2,0.2,0.025,0.3,0.025,-0.2,0.2,0.025,0,0,0,0,1,0,0,9.81,0,0,0,0,.00,0.00,0
5.431965,0,0.4256024,-0.2782825,0.3615437,49.28,256.62,24.08,0.02,0,0.2483612,-0.1868424,-0.2465833,318.16,17.82001,186.53,0.02,0.3,0.025,0.2,0,0,0,0.05,500,0.3,0.025,0.2,0.2,0.025,0.3,0.025,-0.2,0.2,0.025,0,0,0,0,1,0,0,9.81,0,0,0,0,.00,0.00,0
5.442531,0,0.4269486,-0.2775967,0.3612134,49.61,256.77,24.06,0.02,0,0.2483612,-0.1868424,-0.2465833,318.16,17.82001,186.53,0.02,0.3,0.025,0.2,0,0,0,0.05,500,0.3,0.025,0.2,0.2,0.025,0.3,0.025,-0.2,0.2,0.025,0,0,0,0,1,0,0,9.81,0,0,0,0,.00,0.00,0
5.452244,0,0.427609,-0.2773681,0.3608833,49.83,256.84,24.04001,0.02,0,0.2483612,-0.1868424,-0.2465833,318.16,17.82001,186.53,0.02,0.3,0.025,0.2,0,0,0,0.05,500,0.3,0.025,0.2,0.2,0.025,0.3,0.025,-0.2,0.2,0.025,0,0,0,0,1,0,0,9.81,0,0,0,0,.00,0.00,0
5.462901,0,0.4285234,-0.2768092,0.3606547,50.02999,256.95,23.99001,0.02,0,0.2483612,-0.1868424,-0.2465833,318.16,17.82001,186.53,0.02,0.3,0.025,0.2,0,0,0,0.05,500,0.3,0.025,0.2,0.2,0.025,0.3,0.025,-0.2,0.2,0.025,0,0,0,0,1,0,0,9.81,0,0,0,0,.00,0.00,0
5.473067,0,0.4301998,-0.2758186,0.3597656,50.49001,257.1,23.95001,0.02,0,0.2483612,-0.1868424,-0.2465833,318.16,17.82001,186.53,0.02,0.3,0.025,0.2,0,0,0,0.05,500,0.3,0.025,0.2,0.2,0.025,0.3,0.025,-0.2,0.2,0.025,0,0,0,0,1,0,0,9.81,0,0,0,0,.00,0.00,0
5.483562,0,0.429514,-0.2762504,0.3597656,50.47,257.04,23.91001,0.02,0,0.2483612,-0.1868424,-0.2465833,318.16,17.82001,186.53,0.02,0.3,0.025,0.2,0,0,0,0.05,500,0.3,0.025,0.2,0.2,0.025,0.3,0.025,-0.2,0.2,0.025,0,0,0,0,1,0,0,9.81,0,0,0,0,.00,0.00,0
5.495835,0,0.4288536,-0.2764791,0.3600959,50.3,256.97,23.86,0.02,0,0.2483612,-0.1868424,-0.2465833,318.16,17.82001,186.53,0.02,0.3,0.025,0.2,0,0,0,0.05,500,0.3,0.025,0.2,0.2,0.025,0.3,0.025,-0.2,0.2,0.025,0,0,0,0,1,0,0,9.81,0,0,0,0,.00,0.00,0
5.504011,0,0.4288536,-0.2763775,0.3601975,50.3,257.01,23.86001,0.02,0,0.2483612,-0.1868424,-0.2465833,318.16,17.82001,186.5,0.02,0.3,0.025,0.2,0,0,0,0.05,500,0.3,0.025,0.2,0.2,0.025,0.3,0.025,-0.2,0.2,0.025,0,0,0,0,1,0,0,9.81,0,0,0,0,.00,0.00,0
5.515463,0,0.428625,-0.276606,0.3600959,50.27,256.97,23.85999,0.02,0,0.2483612,-0.1868424,-0.2465833,318.16,17.82001,186.5,0.02,0.3,0.025,0.2,0,0,0,0.05,500,0.3,0.025,0.2,0.2,0.025,0.3,0.025,-0.2,0.2,0.025,0,0,0,0,1,0,0,9.81,0,0,0,0,.00,0.00,0
5.525393,0,0.4285234,-0.2766061,0.3601975,50.24998,256.97,23.85999,0.02,0,0.2483612,-0.1868424,-0.2465833,318.16,17.82001,186.5,0.02,0.3,0.025,0.2,0,0,0,0.05,500,0.3,0.025,0.2,0.2,0.025,0.3,0.025,-0.2,0.2,0.025,0,0,0,0,1,0,0,9.81,0,0,0,0,.00,0.00,0
5.53463,0,0.428625,-0.2764791,0.3603244,50.25,256.99,23.86,0.02,0,0.2483612,-0.1868424,-0.2465833,318.16,17.82001,186.5,0.02,0.3,0.025,0.2,0,0,0,0.05,500,0.3,0.025,0.2,0.2,0.025,0.3,0.025,-0.2,0.2,0.025,0,0,0,0,1,0,0,9.81,0,0,0,0,.00,0.00,0
5.546759,0,0.4287266,-0.2766061,0.3603244,50.3,257.01,23.87999,0.02,0,0.2483612,-0.1868424,-0.2465833,318.16,17.82001,186.5,0.02,0.3,0.025,0.2,0,0,0,0.05,500,0.3,0.025,0.2,0.2,0.025,0.3,0.025,-0.2,0.2,0.025,0,0,0,0,1,0,0,9.81,0,0,0,0,.00,0.00,0
5.556573,0,0.4290822,-0.2767076,0.3603244,50.32,257.06,23.90999,0.02,0,0.2483612,-0.1868424,-0.2465833,318.16,17.82001,186.5,0.02,0.3,0.025,0.2,0,0,0,0.05,500,0.3,0.025,0.2,0.2,0.025,0.3,0.025,-0.2,0.2,0.025,0,0,0,0,1,0,0,9.81,0,0,0,0,.00,0.00,0
5.566909,0,0.4297426,-0.2766061,0.360426,50.43,257.17,23.88,0.02,0,0.2483612,-0.1868424,-0.2465833,318.16,17.82001,186.5,0.02,0.3,0.025,0.2,0,0,0,0.05,500,0.3,0.025,0.2,0.2,0.025,0.3,0.025,-0.2,0.2,0.025,0,0,0,0,1,0,0,9.81,0,0,0,0,.00,0.00,0
5.578216,0,0.431292,-0.2773681,0.3599688,50.60001,257.23,23.97,0.02,0,0.2483612,-0.1867408,-0.2465833,318.16,17.82001,186.5,0.02,0.3,0.025,0.2,0,0,0,0.05,500,0.3,0.025,0.2,0.2,0.025,0.3,0.025,-0.2,0.2,0.025,0,0,0,0,1,0,0,9.81,0,0,0,0,.00,0.00,0
5.587789,0,0.431292,-0.2773681,0.3599688,50.60001,257.23,23.97,0.02,0,0.2483612,-0.1867408,-0.2465833,318.16,17.82001,186.5,0.02,0.3,0.025,0.2,0,0,0,0.05,500,0.3,0.025,0.2,0.2,0.025,0.3,0.025,-0.2,0.2,0.025,0,0,0,0,1,0,0,9.81,0,0,0,0,.00,0.00,0
5.59887,0,0.433197,-0.2782825,0.3597656,50.71,257.48,24.03998,0.02,0,0.2483612,-0.1867408,-0.2465833,318.16,17.82001,186.5,0.02,0.3,0.025,0.2,0,0,0,0.05,500,0.3,0.025,0.2,0.2,0.025,0.3,0.025,-0.2,0.2,0.025,0,0,0,0,1,0,0,9.81,0,0,0,0,.00,0.00,0
5.608598,0,0.4328668,-0.2784857,0.3599688,50.58001,257.45,24.08001,0.02,0,0.2483612,-0.1867408,-0.2465833,318.16,17.82001,186.5,0.02,0.3,0.025,0.2,0,0,0,0.05,500,0.3,0.025,0.2,0.2,0.025,0.3,0.025,-0.2,0.2,0.025,0,0,0,0,1,0,0,9.81,0,0,0,0,.00,0.00,0
5.620221,0,0.4326382,-0.2780538,0.360426,50.49001,257.54,24.06,0.02,0,0.2483612,-0.1867408,-0.2465833,318.16,17.82001,186.5,0.02,0.3,0.025,0.2,0,0,0,0.05,500,0.3,0.025,0.2,0.2,0.025,0.3,0.025,-0.2,0.2,0.025,0,0,0,0,1,0,0,9.81,0,0,0,0,.00,0.00,0
5.629828,0,0.432308,-0.2777236,0.3607562,50.45001,257.61,24.02,0.02,0,0.2483612,-0.1867408,-0.2465833,318.16,17.82001,186.5,0.02,0.3,0.025,0.2,0,0,0,0.05,500,0.3,0.025,0.2,0.2,0.025,0.3,0.025,-0.2,0.2,0.025,0,0,0,0,1,0,0,9.81,0,0,0,0,.00,0.00,0
5.639209,0,0.4315206,-0.2772665,0.3614167,50.3,257.65,23.95,0.02,0,0.2483612,-0.1867408,-0.2465833,318.19,17.82001,186.5,0.02,0.3,0.025,0.2,0,0,0,0.05,500,0.3,0.025,0.2,0.2,0.025,0.3,0.025,-0.2,0.2,0.025,0,0,0,0,1,0,0,9.81,0,0,0,0,.00,0.00,0
5.650485,0,0.4311904,-0.2769363,0.3617723,50.23001,257.7,23.91,0.02,0,0.2483612,-0.1867408,-0.2465833,318.19,17.82001,186.5,0.02,0.3,0.025,0.2,0,0,0,0.05,500,0.3,0.025,0.2,0.2,0.025,0.3,0.025,-0.2,0.2,0.025,0,0,0,0,1,0,0,9.81,0,0,0,0,.00,0.00,0
5.659929,0,0.43053,-0.2767076,0.3622041,50.16,257.74,23.84,0.02,0,0.2483612,-0.1867408,-0.2465833,318.19,17.82001,186.5,0.02,0.3,0.025,0.2,0,0,0,0.05,500,0.3,0.025,0.2,0.2,0.025,0.3,0.025,-0.2,0.2,0.025,0,0,0,0,1,0,0,9.81,0,0,0,0,.00,0.00,0
5.671378,0,0.4290822,-0.2766061,0.363093,49.97,257.74,23.70999,0.02,0,0.2483612,-0.1867408,-0.2465833,318.19,17.82001,186.5,0.02,0.3,0.025,0.2,0,0,0,0.05,500,0.3,0.025,0.2,0.2,0.025,0.3,0.025,-0.2,0.2,0.025,0,0,0,0,1,0,0,9.81,0,0,0,0,.00,0.00,0
5.681616,0,0.4283964,-0.2767077,0.3634486,49.88,257.7,23.65999,0.02,0,0.2483612,-0.1867408,-0.2465833,318.19,17.82001,186.5,0.02,0.3,0.025,0.2,0,0,0,0.05,500,0.3,0.025,0.2,0.2,0.025,0.3,0.025,-0.2,0.2,0.025,0,0,0,0,1,0,0,9.81,0,0,0,0,.00,0.00,0
5.691916,0,0.4280662,-0.2771649,0.3633217,49.9,257.61,23.62,0.02,0,0.2483612,-0.1867408,-0.2465833,318.19,17.82001,186.5,0.02,0.3,0.025,0.2,0,0,0,0.05,500,0.3,0.025,0.2,0.2,0.025,0.3,0.025,-0.2,0.2,0.025,0,0,0,0,1,0,0,9.81,0,0,0,0,.00,0.00,0
5.702567,0,0.4278376,-0.2777237,0.363093,49.9,257.5,23.64,0.02,0,0.2483612,-0.1867408,-0.2465833,318.19,17.82001,186.5,0.02,0.3,0.025,0.2,0,0,0,0.05,500,0.3,0.025,0.2,0.2,0.025,0.3,0.025,-0.2,0.2,0.025,0,0,0,0,1,0,0,9.81,0,0,0,0,.00,0.00,0
5.712606,0,0.427736,-0.2781555,0.3629915,49.88,257.41,23.65999,0.02,0,0.2483612,-0.1867408,-0.2465833,318.19,17.82001,186.5,0.02,0.3,0.025,0.2,0,0,0,0.05,500,0.3,0.025,0.2,0.2,0.025,0.3,0.025,-0.2,0.2,0.025,0,0,0,0,1,0,0,9.81,0,0,0,0,.00,0.00,0
5.722964,0,0.4279646,-0.2786126,0.3625343,49.94,257.34,23.71,0.02,0,0.2483612,-0.1867408,-0.2465833,318.19,17.82001,186.5,0.02,0.3,0.025,0.2,0,0,0,0.05,500,0.3,0.025,0.2,0.2,0.025,0.3,0.025,-0.2,0.2,0.025,0,0,0,0,1,0,0,9.81,0,0,0,0,.00,0.00,0
5.733419,0,0.427736,-0.2788413,0.3623311,49.94,257.3,23.73001,0.02,0,0.2483612,-0.1867408,-0.2465833,318.16,17.82001,186.5,0.02,0.3,0.025,0.2,0,0,0,0.05,500,0.3,0.025,0.2,0.2,0.025,0.3,0.025,-0.2,0.2,0.025,0,0,0,0,1,0,0,9.81,0,0,0,0,.00,0.00,0
5.74471,0,0.4271772,-0.2789429,0.3619755,49.90001,257.26,23.80001,0.02,0,0.2483612,-0.1867408,-0.2465833,318.16,17.82001,186.5,0.02,0.3,0.025,0.2,0,0,0,0.05,500,0.3,0.025,0.2,0.2,0.025,0.3,0.025,-0.2,0.2,0.025,0,0,0,0,1,0,0,9.81,0,0,0,0,.00,0.00,0
5.75365,0,0.4271772,-0.2789429,0.3619755,49.90001,257.26,23.80001,0.02,0,0.2483612,-0.1867408,-0.2465833,318.16,17.82001,186.5,0.02,0.3,0.025,0.2,0,0,0,0.05,500,0.3,0.025,0.2,0.2,0.025,0.3,0.025,-0.2,0.2,0.025,0,0,0,0,1,0,0,9.81,0,0,0,0,.00,0.00,0
5.765356,0,0.425958,-0.2790445,0.3614167,49.90001,257.19,23.88,0.02,0,0.2483612,-0.1867408,-0.2465833,318.16,17.82001,186.5,0.02,0.3,0.025,0.2,0,0,0,0.05,500,0.3,0.025,0.2,0.2,0.025,0.3,0.025,-0.2,0.2,0.025,0,0,0,0,1,0,0,9.81,0,0,0,0,.00,0.00,0
5.774896,0,0.4241546,-0.2794001,0.3614167,49.66,257.1,23.97,0.02,0,0.2483612,-0.1867408,-0.2465833,318.16,17.82001,186.5,0.02,0.3,0.025,0.2,0,0,0,0.05,500,0.3,0.025,0.2,0.2,0.025,0.3,0.025,-0.2,0.2,0.025,0,0,0,0,1,0,0,9.81,0,0,0,0,.00,0.00,0
5.784976,0,0.424053,-0.2794001,0.3613151,49.66,257.12,24.02,0.02,0,0.2483612,-0.1867408,-0.2465833,318.16,17.82001,186.5,0.02,0.3,0.025,0.2,0,0,0,0.05,500,0.3,0.025,0.2,0.2,0.025,0.3,0.025,-0.2,0.2,0.025,0,0,0,0,1,0,0,9.81,0,0,0,0,.00,0.00,0
5.796377,0,0.424053,-0.2790444,0.3616453,49.66,257.23,23.98999,0.02,0,0.2483612,-0.1867408,-0.2465833,318.16,17.82001,186.5,0.02,0.3,0.025,0.2,0,0,0,0.05,500,0.3,0.025,0.2,0.2,0.025,0.3,0.025,-0.2,0.2,0.025,0,0,0,0,1,0,0,9.81,0,0,0,0,.00,0.00,0
5.805639,0,0.4244848,-0.2787142,0.3621024,49.68001,257.32,23.96999,0.02,0,0.2483612,-0.1867408,-0.2465833,318.16,17.82001,186.5,0.02,0.3,0.025,0.2,0,0,0,0.05,500,0.3,0.025,0.2,0.2,0.025,0.3,0.025,-0.2,0.2,0.025,0,0,0,0,1,0,0,9.81,0,0,0,0,.00,0.00,0
5.817163,0,0.4247134,-0.278384,0.3622041,49.72001,257.41,23.95,0.02,0,0.2483612,-0.1867408,-0.2465833,318.16,17.82001,186.5,0.02,0.3,0.025,0.2,0,0,0,0.05,500,0.3,0.025,0.2,0.2,0.025,0.3,0.025,-0.2,0.2,0.025,0,0,0,0,1,0,0,9.81,0,0,0,0,.00,0.00,0
5.826596,0,0.4251706,-0.2780539,0.3624327,49.79001,257.5,23.92999,0.02,0,0.2483612,-0.1867408,-0.2465833,318.16,17.82001,186.5,0.02,0.3,0.025,0.2,0,0,0,0.05,500,0.3,0.025,0.2,0.2,0.025,0.3,0.025,-0.2,0.2,0.025,0,0,0,0,1,0,0,9.81,0,0,0,0,.00,0.00,0
5.836809,0,0.4255008,-0.2775967,0.3625343,49.83,257.56,23.91,0.02,0,0.2483612,-0.1867408,-0.2465833,318.16,17.82001,186.5,0.02,0.3,0.025,0.2,0,0,0,0.05,500,0.3,0.025,0.2,0.2,0.025,0.3,0.025,-0.2,0.2,0.025,0,0,0,0,1,0,0,9.81,0,0,0,0,.00,0.00,0
5.848069,0,0.4271772,-0.2763774,0.3629915,50.01001,257.85,23.86001,0.02,0,0.2483612,-0.1867408,-0.2465833,318.16,17.82001,186.5,0.02,0.3,0.025,0.2,0,0,0,0.05,500,0.3,0.025,0.2,0.2,0.025,0.3,0.025,-0.2,0.2,0.025,0,0,0,0,1,0,0,9.81,0,0,0,0,.00,0.00,0
5.857938,0,0.4275074,-0.2761488,0.3634486,49.93999,257.92,23.85999,0.02,0,0.2483612,-0.1867408,-0.2465833,318.16,17.82001,186.5,0.02,0.3,0.025,0.2,0,0,0,0.05,500,0.3,0.025,0.2,0.2,0.025,0.3,0.025,-0.2,0.2,0.025,0,0,0,0,1,0,0,9.81,0,0,0,0,.00,0.00,0
5.869053,0,0.427609,-0.2755901,0.3640075,49.88001,258,23.77,0.02,0,0.2483612,-0.1867408,-0.2465833,318.16,17.82001,186.5,0.02,0.3,0.025,0.2,0,0,0,0.05,500,0.3,0.025,0.2,0.2,0.025,0.3,0.025,-0.2,0.2,0.025,0,0,0,0,1,0,0,9.81,0,0,0,0,.00,0.00,0
5.87899,0,0.4275074,-0.2755901,0.3645662,49.81001,258,23.68999,0.02,0,0.2483612,-0.1867408,-0.2465833,318.16,17.82001,186.5,0.02,0.3,0.025,0.2,0,0,0,0.05,500,0.3,0.025,0.2,0.2,0.025,0.3,0.025,-0.2,0.2,0.025,0,0,0,0,1,0,0,9.81,0,0,0,0,.00,0.00,0
5.889726,0,0.4266184,-0.2751583,0.3657854,49.57,258.02,23.51,0.02,0,0.2483612,-0.1867408,-0.2465833,318.16,17.82001,186.5,0.02,0.3,0.025,0.2,0,0,0,0.05,500,0.3,0.025,0.2,0.2,0.025,0.3,0.025,-0.2,0.2,0.025,0,0,0,0,1,0,0,9.81,0,0,0,0,.00,0.00,0
5.900054,0,0.425958,-0.2748027,0.3666745,49.46001,258.09,23.36,0.02,0,0.2483612,-0.1867408,-0.2465833,318.16,17.82001,186.5,0.02,0.3,0.025,0.2,0,0,0,0.05,500,0.3,0.025,0.2,0.2,0.025,0.3,0.025,-0.2,0.2,0.025,0,0,0,0,1,0,0,9.81,0,0,0,0,.00,0.00,0
5.911445,0,0.4253992,-0.2744724,0.3671317,49.46001,258.11,23.23,0.02,0,0.2483612,-0.1867408,-0.2465833,318.16,17.82001,186.5,0.02,0.3,0.025,0.2,0,0,0,0.05,500,0.3,0.025,0.2,0.2,0.025,0.3,0.025,-0.2,0.2,0.025,0,0,0,0,1,0,0,9.81,0,0,0,0,.00,0.00,0
5.920391,0,0.4253992,-0.2744724,0.3671317,49.46001,258.11,23.23,0.02,0,0.2483612,-0.1867408,-0.2465833,318.16,17.82001,186.5,0.02,0.3,0.025,0.2,0,0,0,0.05,500,0.3,0.025,0.2,0.2,0.025,0.3,0.025,-0.2,0.2,0.025,0,0,0,0,1,0,0,9.81,0,0,0,0,.00,0.00,0
5.930623,0,0.4237228,-0.2738121,0.3685794,49.28,258.24,22.98,0.02,0,0.2483612,-0.1867408,-0.2465833,318.16,17.82001,186.5,0.02,0.3,0.025,0.2,0,0,0,0.05,500,0.3,0.025,0.2,0.2,0.025,0.3,0.025,-0.2,0.2,0.025,0,0,0,0,1,0,0,9.81,0,0,0,0,.00,0.00,0
5.941422,0,0.423164,-0.2734818,0.3689097,49.33001,258.29,22.89999,0.02,0,0.2483612,-0.1867408,-0.2465833,318.16,17.82001,186.5,0.02,0.3,0.025,0.2,0,0,0,0.05,500,0.3,0.025,0.2,0.2,0.025,0.3,0.025,-0.2,0.2,0.025,0,0,0,0,1,0,0,9.81,0,0,0,0,.00,0.00,0
5.952171,0,0.4227068,-0.2733548,0.3691382,49.27999,258.31,22.85,0.02,0,0.2483612,-0.1867408,-0.2465833,318.16,17.82001,186.5,0.02,0.3,0.025,0.2,0,0,0,0.05,500,0.3,0.025,0.2,0.2,0.025,0.3,0.025,-0.2,0.2,0.025,0,0,0,0,1,0,0,9.81,0,0,0,0,.00,0.00,0
5.962658,0,0.422148,-0.2730246,0.36957,49.2,258.35,22.79,0.02,0,0.2483612,-0.1867408,-0.2465833,318.16,17.82001,186.5,0.02,0.3,0.025,0.2,0,0,0,0.05,500,0.3,0.025,0.2,0.2,0.025,0.3,0.025,-0.2,0.2,0.025,0,0,0,0,1,0,0,9.81,0,0,0,0,.00,0.00,0
5.972673,0,0.422148,-0.2729231,0.3693669,49.26,258.38,22.79,0.02,0,0.2483612,-0.1867408,-0.2465833,318.16,17.82001,186.5,0.02,0.3,0.025,0.2,0,0,0,0.05,500,0.3,0.025,0.2,0.2,0.025,0.3,0.025,-0.2,0.2,0.025,0,0,0,0,1,0,0,9.81,0,0,0,0,.00,0.00,0
5.982288,0,0.422148,-0.2730246,0.3692398,49.26,258.33,22.83001,0.02,0,0.2483612,-0.1867408,-0.2465833,318.16,17.82001,186.5,0.02,0.3,0.025,0.2,0,0,0,0.05,500,0.3,0.025,0.2,0.2,0.025,0.3,0.025,-0.2,0.2,0.025,0,0,0,0,1,0,0,9.81,0,0,0,0,.00,0.00,0
5.993926,0,0.422275,-0.2730246,0.3688081,49.31,258.31,22.92,0.02,0,0.2483612,-0.1867408,-0.2465833,318.16,17.82001,186.5,0.02,0.3,0.025,0.2,0,0,0,0.05,500,0.3,0.025,0.2,0.2,0.025,0.3,0.025,-0.2,0.2,0.025,0,0,0,0,1,0,0,9.81,0,0,0,0,.00,0.00,0
6.00317,0,0.4224782,-0.2731263,0.3683509,49.37001,258.29,22.97999,0.02,0,0.2483612,-0.1867408,-0.2465833,318.16,17.82001,186.5,0.02,0.3,0.025,0.2,0,0,0,0.05,500,0.3,0.025,0.2,0.2,0.025,0.3,0.025,-0.2,0.2,0.025,0,0,0,0,1,0,0,9.81,0,0,0,0,.00,0.00,0
6.014388,0,0.4228084,-0.2734819,0.367792,49.44,258.22,23.07,0.02,0,0.2483612,-0.1867408,-0.2465833,318.16,17.82001,186.5,0.02,0.3,0.025,0.2,0,0,0,0.05,500,0.3,0.025,0.2,0.2,0.025,0.3,0.025,-0.2,0.2,0.025,0,0,0,0,1,0,0,9.81,0,0,0,0,.00,0.00,0
6.024303,0,0.423037,-0.2735834,0.3671317,49.53001,258.22,23.18,0.02,0,0.2483612,-0.1867408,-0.2465833,318.16,17.82001,186.5,0.02,0.3,0.025,0.2,0,0,0,0.05,500,0.3,0.025,0.2,0.2,0.025,0.3,0.025,-0.2,0.2,0.025,0,0,0,0,1,0,0,9.81,0,0,0,0,.00,0.00,0
6.035644,0,0.423164,-0.2739137,0.3664459,49.64,258.2,23.31,0.02,0,0.2483612,-0.1867408,-0.2465833,318.16,17.82001,186.5,0.02,0.3,0.025,0.2,0,0,0,0.05,500,0.3,0.025,0.2,0.2,0.025,0.3,0.025,-0.2,0.2,0.025,0,0,0,0,1,0,0,9.81,0,0,0,0,.00,0.00,0
6.045263,0,0.4228084,-0.2743709,0.3657854,49.75,258.2,23.42,0.02,0,0.2483612,-0.1867408,-0.2465833,318.16,17.82001,186.5,0.02,0.3,0.025,0.2,0,0,0,0.05,500,0.3,0.025,0.2,0.2,0.025,0.3,0.025,-0.2,0.2,0.025,0,0,0,0,1,0,0,9.81,0,0,0,0,.00,0.00,0
6.055208,0,0.4228084,-0.2743709,0.3657854,49.75,258.2,23.42,0.02,0,0.2483612,-0.1867408,-0.2465833,318.16,17.82001,186.5,0.02,0.3,0.025,0.2,0,0,0,0.05,500,0.3,0.025,0.2,0.2,0.025,0.3,0.025,-0.2,0.2,0.025,0,0,0,0,1,0,0,9.81,0,0,0,0,.00,0.00,0
6.066267,0,0.4224782,-0.2727961,0.3657854,50.10001,258.6,23.4,0.02,0,0.2483612,-0.1867408,-0.2465833,318.16,17.82001,186.5,0.02,0.3,0.025,0.2,0,0,0,0.05,500,0.3,0.025,0.2,0.2,0.025,0.3,0.025,-0.2,0.2,0.025,0,0,0,0,1,0,0,9.81,0,0,0,0,.00,0.00,0
6.075853,0,0.4218178,-0.2732533,0.3657854,50.21001,258.64,23.44001,0.02,0,0.2483612,-0.1867408,-0.2465833,318.16,17.82001,186.5,0.02,0.3,0.025,0.2,0,0,0,0.05,500,0.3,0.025,0.2,0.2,0.025,0.3,0.025,-0.2,0.2,0.025,0,0,0,0,1,0,0,9.81,0,0,0,0,.00,0.00,0
6.087331,0,0.4214876,-0.2723642,0.3664459,50.14,258.79,23.33,0.02,0,0.2483612,-0.1867408,-0.2465833,318.16,17.82001,186.5,0.02,0.3,0.025,0.2,0,0,0,0.05,500,0.3,0.025,0.2,0.2,0.025,0.3,0.025,-0.2,0.2,0.025,0,0,0,0,1,0,0,9.81,0,0,0,0,.00,0.00,0
6.09747,0,0.4217162,-0.2723643,0.3663443,50.19001,258.82,23.31,0.02,0,0.2483612,-0.1867408,-0.2465833,318.16,17.82001,186.5,0.02,0.3,0.025,0.2,0,0,0,0.05,500,0.3,0.025,0.2,0.2,0.025,0.3,0.025,-0.2,0.2,0.025,0,0,0,0,1,0,0,9.81,0,0,0,0,.00,0.00,0
6.107674,0,0.4213606,-0.273685,0.3660141,49.99,258.6,23.38,0.02,0,0.2483612,-0.1867408,-0.2465833,318.16,17.82001,186.5,0.02,0.3,0.025,0.2,0,0,0,0.05,500,0.3,0.025,0.2,0.2,0.025,0.3,0.025,-0.2,0.2,0.025,0,0,0,0,1,0,0,9.81,0,0,0,0,.00,0.00,0
6.118093,0,0.4214876,-0.274701,0.3655569,49.83,258.42,23.44,0.02,0,0.2483612,-0.1867408,-0.2465833,318.16,17.82001,186.5,0.02,0.3,0.025,0.2,0,0,0,0.05,500,0.3,0.025,0.2,0.2,0.025,0.3,0.025,-0.2,0.2,0.025,0,0,0,0,1,0,0,9.81,0,0,0,0,.00,0.00,0
6.128494,0,0.4214876,-0.2768092,0.3648964,49.66,258.11,23.58001,0.02,0,0.2483612,-0.1867408,-0.2465833,318.16,17.82001,186.5,0.02,0.3,0.025,0.2,0,0,0,0.05,500,0.3,0.025,0.2,0.2,0.025,0.3,0.025,-0.2,0.2,0.025,0,0,0,0,1,0,0,9.81,0,0,0,0,.00,0.00,0
6.13864,0,0.4220464,-0.2795016,0.3640075,49.19999,257.74,23.76999,0.02,0,0.2483612,-0.1867408,-0.2465833,318.16,17.82001,186.5,0.02,0.3,0.025,0.2,0,0,0,0.05,500,0.3,0.025,0.2,0.2,0.025,0.3,0.025,-0.2,0.2,0.025,0,0,0,0,1,0,0,9.81,0,0,0,0,.00,0.00,0
6.149053,0,0.4227068,-0.2806192,0.3632201,49.22001,257.65,23.88001,0.02,0,0.2483612,-0.1867408,-0.2465833,318.16,17.82001,186.5,0.02,0.3,0.025,0.2,0,0,0,0.05,500,0.3,0.025,0.2,0.2,0.025,0.3,0.025,-0.2,0.2,0.025,0,0,0,0,1,0,0,9.81,0,0,0,0,.00,0.00,0
6.159568,0,0.423164,-0.2823972,0.3617723,49.26001,257.34,24.08001,0.02,0,0.2483612,-0.1867408,-0.2465833,318.16,17.82001,186.5,0.02,0.3,0.025,0.2,0,0,0,0.05,500,0.3,0.025,0.2,0.2,0.025,0.3,0.025,-0.2,0.2,0.025,0,0,0,0,1,0,0,9.81,0,0,0,0,.00,0.00,0
6.169486,0,0.4234942,-0.2817369,0.3621024,49.25999,257.45,24.08,0.02,0,0.2483612,-0.1867408,-0.2465833,318.16,17.82001,186.5,0.02,0.3,0.025,0.2,0,0,0,0.05,500,0.3,0.025,0.2,0.2,0.025,0.3,0.025,-0.2,0.2,0.025,0,0,0,0,1,0,0,9.81,0,0,0,0,.00,0.00,0
6.180949,0,0.424053,-0.2814067,0.3619755,49.36999,257.54,24.08,0.02,0,0.2483612,-0.1867408,-0.2465833,318.16,17.82001,186.5,0.02,0.3,0.025,0.2,0,0,0,0.05,500,0.3,0.025,0.2,0.2,0.025,0.3,0.025,-0.2,0.2,0.025,0,0,0,0,1,0,0,9.81,0,0,0,0,.00,0.00,0
6.190486,0,0.423926,-0.2812797,0.3617723,49.44,257.52,24.08001,0.02,0,0.2483612,-0.1867408,-0.2465833,318.16,17.82001,186.5,0.02,0.3,0.025,0.2,0,0,0,0.05,500,0.3,0.025,0.2,0.2,0.025,0.3,0.025,-0.2,0.2,0.025,0,0,0,0,1,0,0,9.81,0,0,0,0,.00,0.00,0
6.200704,0,0.423926,-0.281051,0.3618738,49.44001,257.54,24.08001,0.02,0,0.2483612,-0.1867408,-0.2465833,318.16,17.82001,186.5,0.02,0.3,0.025,0.2,0,0,0,0.05,500,0.3,0.025,0.2,0.2,0.025,0.3,0.025,-0.2,0.2,0.025,0,0,0,0,1,0,0,9.81,0,0,0,0,.00,0.00,0
6.212011,0,0.423926,-0.2807208,0.3621024,49.44,257.59,24.04,0.02,0,0.2483612,-0.1867408,-0.2465833,318.16,17.82001,186.5,0.02,0.3,0.025,0.2,0,0,0,0.05,500,0.3,0.025,0.2,0.2,0.025,0.3,0.025,-0.2,0.2,0.025,0,0,0,0,1,0,0,9.81,0,0,0,0,.00,0.00,0
6.221479,0,0.423926,-0.2807208,0.3621024,49.44,257.59,24.04,0.02,0,0.2483612,-0.1867408,-0.2465833,318.16,17.82001,186.5,0.02,0.3,0.025,0.2,0,0,0,0.05,500,0.3,0.025,0.2,0.2,0.025,0.3,0.025,-0.2,0.2,0.025,0,0,0,0,1,0,0,9.81,0,0,0,0,.00,0.00,0
6.232719,0,0.4234942,-0.2802891,0.3624327,49.39001,257.65,23.97,0.02,0,0.2483612,-0.1868424,-0.2465833,318.16,17.82001,186.5,0.02,0.3,0.025,0.2,0,0,0,0.05,500,0.3,0.025,0.2,0.2,0.025,0.3,0.025,-0.2,0.2,0.025,0,0,0,0,1,0,0,9.81,0,0,0,0,.00,0.00,0
6.242405,0,0.4232656,-0.2796033,0.3628899,49.39001,257.78,23.91,0.02,0,0.2483612,-0.1868424,-0.2465833,318.16,17.82001,186.53,0.02,0.3,0.025,0.2,0,0,0,0.05,500,0.3,0.025,0.2,0.2,0.025,0.3,0.025,-0.2,0.2,0.025,0,0,0,0,1,0,0,9.81,0,0,0,0,.00,0.00,0
6.253796,0,0.4229354,-0.2795016,0.3632201,49.35,257.81,23.85999,0.02,0,0.2483612,-0.1868424,-0.2465833,318.16,17.82001,186.53,0.02,0.3,0.025,0.2,0,0,0,0.05,500,0.3,0.025,0.2,0.2,0.025,0.3,0.025,-0.2,0.2,0.025,0,0,0,0,1,0,0,9.81,0,0,0,0,.00,0.00,0
6.263619,0,0.4227068,-0.2792731,0.3636519,49.27999,257.85,23.79999,0.02,0,0.2483612,-0.1868424,-0.2465833,318.16,17.82001,186.53,0.02,0.3,0.025,0.2,0,0,0,0.05,500,0.3,0.025,0.2,0.2,0.025,0.3,0.025,-0.2,0.2,0.025,0,0,0,0,1,0,0,9.81,0,0,0,0,.00,0.00,0
6.273495,0,0.4228084,-0.2789429,0.3640075,49.31002,257.94,23.75,0.02,0,0.2483612,-0.1868424,-0.2465833,318.16,17.82001,186.53,0.02,0.3,0.025,0.2,0,0,0,0.05,500,0.3,0.025,0.2,0.2,0.025,0.3,0.025,-0.2,0.2,0.025,0,0,0,0,1,0,0,9.81,0,0,0,0,.00,0.00,0
6.285007,0,0.4229354,-0.2789429,0.3641091,49.28001,257.96,23.73,0.02,0,0.2483612,-0.1868424,-0.2465833,318.16,17.82001,186.53,0.02,0.3,0.025,0.2,0,0,0,0.05,500,0.3,0.025,0.2,0.2,0.025,0.3,0.025,-0.2,0.2,0.025,0,0,0,0,1,0,0,9.81,0,0,0,0,.00,0.00,0
6.29471,0,0.4229354,-0.2789429,0.3644392,49.26001,257.98,23.71,0.02,0,0.2483612,-0.1868424,-0.2465833,318.16,17.82001,186.53,0.02,0.3,0.025,0.2,0,0,0,0.05,500,0.3,0.025,0.2,0.2,0.025,0.3,0.025,-0.2,0.2,0.025,0,0,0,0,1,0,0,9.81,0,0,0,0,.00,0.00,0
6.305233,0,0.423164,-0.2784857,0.3647695,49.28001,258.07,23.66,0.02,0,0.2483612,-0.1868424,-0.2465833,318.16,17.82001,186.53,0.02,0.3,0.025,0.2,0,0,0,0.05,500,0.3,0.025,0.2,0.2,0.025,0.3,0.025,-0.2,0.2,0.025,0,0,0,0,1,0,0,9.81,0,0,0,0,.00,0.00,0
6.315664,0,0.4232656,-0.2779268,0.3652267,49.31,258.18,23.59999,0.02,0,0.2483612,-0.1868424,-0.2465833,318.16,17.82001,186.53,0.02,0.3,0.025,0.2,0,0,0,0.05,500,0.3,0.025,0.2,0.2,0.025,0.3,0.025,-0.2,0.2,0.025,0,0,0,0,1,0,0,9.81,0,0,0,0,.00,0.00,0
6.326416,0,0.4232656,-0.2772665,0.3656585,49.28,258.29,23.53,0.02,0,0.2483612,-0.1868424,-0.2465833,318.16,17.82001,186.5,0.02,0.3,0.025,0.2,0,0,0,0.05,500,0.3,0.025,0.2,0.2,0.025,0.3,0.025,-0.2,0.2,0.025,0,0,0,0,1,0,0,9.81,0,0,0,0,.00,0.00,0
6.33624,0,0.4233672,-0.2760473,0.3662173,49.31,258.51,23.43999,0.02,0,0.2483612,-0.1868424,-0.2465833,318.16,17.82001,186.5,0.02,0.3,0.025,0.2,0,0,0,0.05,500,0.3,0.025,0.2,0.2,0.025,0.3,0.025,-0.2,0.2,0.025,0,0,0,0,1,0,0,9.81,0,0,0,0,.00,0.00,0
6.346271,0,0.4232656,-0.2747011,0.366776,49.33,258.77,23.36,0.02,0,0.2483612,-0.1868424,-0.2465833,318.16,17.82001,186.5,0.02,0.3,0.025,0.2,0,0,0,0.05,500,0.3,0.025,0.2,0.2,0.025,0.3,0.025,-0.2,0.2,0.025,0,0,0,0,1,0,0,9.81,0,0,0,0,.00,0.00,0
6.357228,0,0.4229354,-0.2744725,0.366776,49.31001,258.79,23.36,0.02,0,0.2483612,-0.1868424,-0.2465833,318.16,17.82001,186.5,0.02,0.3,0.025,0.2,0,0,0,0.05,500,0.3,0.025,0.2,0.2,0.025,0.3,0.025,-0.2,0.2,0.025,0,0,0,0,1,0,0,9.81,0,0,0,0,.00,0.00,0
6.367383,0,0.4232656,-0.2732533,0.3674619,49.35,259.04,23.25,0.02,0,0.2483612,-0.1868424,-0.2465833,318.19,17.82001,186.5,0.02,0.3,0.025,0.2,0,0,0,0.05,500,0.3,0.025,0.2,0.2,0.025,0.3,0.025,-0.2,0.2,0.025,0,0,0,0,1,0,0,9.81,0,0,0,0,.00,0.00,0
6.378392,0,0.4227068,-0.2726945,0.367792,49.44001,259.15,23.16001,0.02,0,0.2483612,-0.1868424,-0.2465833,318.19,17.82001,186.5,0.02,0.3,0.025,0.2,0,0,0,0.05,500,0.3,0.025,0.2,0.2,0.025,0.3,0.025,-0.2,0.2,0.025,0,0,0,0,1,0,0,9.81,0,0,0,0,.00,0.00,0
6.388018,0,0.4227068,-0.2726945,0.367792,49.44001,259.15,23.16001,0.02,0,0.2483612,-0.1868424,-0.2465833,318.19,17.82001,186.5,0.02,0.3,0.025,0.2,0,0,0,0.05,500,0.3,0.025,0.2,0.2,0.025,0.3,0.025,-0.2,0.2,0.025,0,0,0,0,1,0,0,9.81,0,0,0,0,.00,0.00,0
6.399652,0,0.4219194,-0.2713482,0.3696971,49.39001,259.41,22.85001,0.02,0,0.2483612,-0.1868424,-0.2465833,318.19,17.82001,186.5,0.02,0.3,0.025,0.2,0,0,0,0.05,500,0.3,0.025,0.2,0.2,0.025,0.3,0.025,-0.2,0.2,0.025,0,0,0,0,1,0,0,9.81,0,0,0,0,.00,0.00,0
6.408905,0,0.421259,-0.2716785,0.3702559,49.31,259.39,22.75999,0.02,0,0.2483612,-0.1868424,-0.2465833,318.19,17.82001,186.5,0.02,0.3,0.025,0.2,0,0,0,0.05,500,0.3,0.025,0.2,0.2,0.025,0.3,0.025,-0.2,0.2,0.025,0,0,0,0,1,0,0,9.81,0,0,0,0,.00,0.00,0
6.419469,0,0.4209288,-0.2718055,0.3711449,49.17,259.39,22.68001,0.02,0,0.2483612,-0.1868424,-0.2465833,318.19,17.82001,186.5,0.02,0.3,0.025,0.2,0,0,0,0.05,500,0.3,0.025,0.2,0.2,0.025,0.3,0.025,-0.2,0.2,0.025,0,0,0,0,1,0,0,9.81,0,0,0,0,.00,0.00,0
6.430435,0,0.421259,-0.2723643,0.3709162,49.15,259.32,22.73999,0.02,0,0.2483612,-0.1868424,-0.2465833,318.19,17.82001,186.5,0.02,0.3,0.025,0.2,0,0,0,0.05,500,0.3,0.025,0.2,0.2,0.025,0.3,0.025,-0.2,0.2,0.025,0,0,0,0,1,0,0,9.81,0,0,0,0,.00,0.00,0
6.439631,0,0.4218178,-0.2735834,0.3702559,49.15,259.17,22.87,0.02,0,0.2483612,-0.1868424,-0.2465833,318.19,17.82001,186.5,0.02,0.3,0.025,0.2,0,0,0,0.05,500,0.3,0.025,0.2,0.2,0.025,0.3,0.025,-0.2,0.2,0.025,0,0,0,0,1,0,0,9.81,0,0,0,0,.00,0.00,0
6.451407,0,0.4227068,-0.2744724,0.3694685,49.2,259.06,23.03001,0.02,0,0.2483612,-0.1868424,-0.2465833,318.19,17.82001,186.5,0.02,0.3,0.025,0.2,0,0,0,0.05,500,0.3,0.025,0.2,0.2,0.025,0.3,0.025,-0.2,0.2,0.025,0,0,0,0,1,0,0,9.81,0,0,0,0,.00,0.00,0
6.461504,0,0.4250436,-0.2767076,0.3671317,49.46001,258.77,23.40001,0.02,0,0.2483612,-0.1867408,-0.2465833,318.19,17.82001,186.5,0.02,0.3,0.025,0.2,0,0,0,0.05,500,0.3,0.025,0.2,0.2,0.025,0.3,0.025,-0.2,0.2,0.025,0,0,0,0,1,0,0,9.81,0,0,0,0,.00,0.00,0
6.471788,0,0.4281678,-0.2797302,0.3632201,49.97001,258.4,23.93,0.02,0,0.2483612,-0.1867408,-0.2465833,318.19,17.82001,186.5,0.02,0.3,0.025,0.2,0,0,0,0.05,500,0.3,0.025,0.2,0.2,0.025,0.3,0.025,-0.2,0.2,0.025,0,0,0,0,1,0,0,9.81,0,0,0,0,.00,0.00,0
6.48241,0,0.4287266,-0.2791714,0.3628899,50.14001,258.49,23.93,0.02,0,0.2483612,-0.1867408,-0.2465833,318.19,17.82001,186.5,0.02,0.3,0.025,0.2,0,0,0,0.05,500,0.3,0.025,0.2,0.2,0.025,0.3,0.025,-0.2,0.2,0.025,0,0,0,0,1,0,0,9.81,0,0,0,0,.00,0.00,0
6.49193,0,0.4292854,-0.2778252,0.3624327,50.45,258.68,23.91,0.02,0,0.2483612,-0.1867408,-0.2465833,318.19,17.82001,186.5,0.02,0.3,0.025,0.2,0,0,0,0.05,500,0.3,0.025,0.2,0.2,0.025,0.3,0.025,-0.2,0.2,0.025,0,0,0,0,1,0,0,9.81,0,0,0,0,.00,0.00,0
6.503088,0,0.4287266,-0.2770379,0.3626612,50.52,258.79,23.82001,0.02,0,0.2483612,-0.1867408,-0.2465833,318.19,17.82001,186.5,0.02,0.3,0.025,0.2,0,0,0,0.05,500,0.3,0.025,0.2,0.2,0.025,0.3,0.025,-0.2,0.2,0.025,0,0,0,0,1,0,0,9.81,0,0,0,0,.00,0.00,0
6.513381,0,0.4283964,-0.276606,0.3629915,50.49001,258.86,23.76999,0.02,0,0.2483612,-0.1867408,-0.2465833,318.19,17.82001,186.5,0.02,0.3,0.025,0.2,0,0,0,0.05,500,0.3,0.025,0.2,0.2,0.025,0.3,0.025,-0.2,0.2,0.025,0,0,0,0,1,0,0,9.81,0,0,0,0,.00,0.00,0
6.523983,0,0.4280662,-0.2753615,0.3636519,50.52001,259.06,23.66,0.02,0,0.2483612,-0.1867408,-0.2465833,318.19,17.82001,186.5,0.02,0.3,0.025,0.2,0,0,0,0.05,500,0.3,0.025,0.2,0.2,0.025,0.3,0.025,-0.2,0.2,0.025,0,0,0,0,1,0,0,9.81,0,0,0,0,.00,0.00,0
6.534297,0,0.4275074,-0.2741423,0.3645662,50.52002,259.28,23.51001,0.02,0,0.2483612,-0.1867408,-0.2465833,318.19,17.82001,186.5,0.02,0.3,0.025,0.2,0,0,0,0.05,500,0.3,0.025,0.2,0.2,0.025,0.3,0.025,-0.2,0.2,0.025,0,0,0,0,1,0,0,9.81,0,0,0,0,.00,0.00,0
6.54528,0,0.4261612,-0.2714753,0.3673348,50.34,259.78,23.15999,0.02,0,0.2483612,-0.1867408,-0.2465833,318.19,17.82001,186.5,0.02,0.3,0.025,0.2,0,0,0,0.05,500,0.3,0.025,0.2,0.2,0.025,0.3,0.025,-0.2,0.2,0.025,0,0,0,0,1,0,0,9.81,0,0,0,0,.00,0.00,0
6.554852,0,0.4261612,-0.2714753,0.3673348,50.34,259.78,23.15999,0.02,0,0.2483612,-0.1867408,-0.2465833,318.19,17.82001,186.5,0.02,0.3,0.025,0.2,0,0,0,0.05,500,0.3,0.025,0.2,0.2,0.025,0.3,0.025,-0.2,0.2,0.025,0,0,0,0,1,0,0,9.81,0,0,0,0,.00,0.00,0
6.565754,0,0.4256024,-0.2695703,0.3696971,50.23,260.24,22.87,0.02,0,0.2483612,-0.1867408,-0.2465833,318.19,17.82001,186.5,0.02,0.3,0.025,0.2,0,0,0,0.05,500,0.3,0.025,0.2,0.2,0.025,0.3,0.025,-0.2,0.2,0.025,0,0,0,0,1,0,0,9.81,0,0,0,0,.00,0.00,0
6.575749,0,0.4250436,-0.2695703,0.370459,50.02999,260.27,22.79,0.02,0,0.2483612,-0.1867408,-0.2465833,318.19,17.82001,186.5,0.02,0.3,0.025,0.2,0,0,0,0.05,500,0.3,0.025,0.2,0.2,0.025,0.3,0.025,-0.2,0.2,0.025,0,0,0,0,1,0,0,9.81,0,0,0,0,.00,0.00,0
6.586218,0,0.4248404,-0.2695702,0.3706877,49.93999,260.27,22.76,0.02,0,0.2483612,-0.1867408,-0.2465833,318.19,17.82001,186.5,0.02,0.3,0.025,0.2,0,0,0,0.05,500,0.3,0.025,0.2,0.2,0.025,0.3,0.025,-0.2,0.2,0.025,0,0,0,0,1,0,0,9.81,0,0,0,0,.00,0.00,0
6.597353,0,0.4247134,-0.2699004,0.3706877,49.9,260.22,22.79,0.02,0,0.2483612,-0.1867408,-0.2465833,318.19,17.82001,186.5,0.02,0.3,0.025,0.2,0,0,0,0.05,500,0.3,0.025,0.2,0.2,0.025,0.3,0.025,-0.2,0.2,0.025,0,0,0,0,1,0,0,9.81,0,0,0,0,.00,0.00,0
6.606599,0,0.4244848,-0.2703576,0.3705861,49.83001,260.16,22.80999,0.02,0,0.2483612,-0.1867408,-0.2465833,318.19,17.82001,186.5,0.02,0.3,0.025,0.2,0,0,0,0.05,500,0.3,0.025,0.2,0.2,0.025,0.3,0.025,-0.2,0.2,0.025,0,0,0,0,1,0,0,9.81,0,0,0,0,.00,0.00,0
6.618214,0,0.4244848,-0.2709165,0.3703575,49.76999,260.09,22.84998,0.02,0,0.2483612,-0.1867408,-0.2465833,318.19,17.82001,186.5,0.02,0.3,0.025,0.2,0,0,0,0.05,500,0.3,0.025,0.2,0.2,0.025,0.3,0.025,-0.2,0.2,0.025,0,0,0,0,1,0,0,9.81,0,0,0,0,.00,0.00,0
6.627625,0,0.4241546,-0.2711197,0.3703575,49.72,260.05,22.87,0.02,0,0.2483612,-0.1867408,-0.2465833,318.19,17.82001,186.5,0.02,0.3,0.025,0.2,0,0,0,0.05,500,0.3,0.025,0.2,0.2,0.025,0.3,0.025,-0.2,0.2,0.025,0,0,0,0,1,0,0,9.81,0,0,0,0,.00,0.00,0
6.638163,0,0.4235958,-0.2711197,0.370459,49.66001,260.07,22.85,0.02,0,0.2483612,-0.1867408,-0.2465833,318.19,17.82001,186.5,0.02,0.3,0.025,0.2,0,0,0,0.05,500,0.3,0.025,0.2,0.2,0.025,0.3,0.025,-0.2,0.2,0.025,0,0,0,0,1,0,0,9.81,0,0,0,0,.00,0.00,0
6.648925,0,0.423037,-0.2709165,0.3706877,49.64001,260.09,22.83,0.02,0,0.2483612,-0.1867408,-0.2465833,318.19,17.82001,186.5,0.02,0.3,0.025,0.2,0,0,0,0.05,500,0.3,0.025,0.2,0.2,0.025,0.3,0.025,-0.2,0.2,0.025,0,0,0,0,1,0,0,9.81,0,0,0,0,.00,0.00,0
6.658865,0,0.4211574,-0.2711197,0.3708147,49.48,259.98,22.80999,0.02,0,0.2483612,-0.1867408,-0.2465833,318.19,17.82001,186.5,0.02,0.3,0.025,0.2,0,0,0,0.05,500,0.3,0.025,0.2,0.2,0.025,0.3,0.025,-0.2,0.2,0.025,0,0,0,0,1,0,0,9.81,0,0,0,0,.00,0.00,0
6.67022,0,0.42037,-0.269113,0.3719322,49.48,260.24,22.64999,0.02,0,0.2483612,-0.1867408,-0.2465833,318.19,17.82001,186.5,0.02,0.3,0.025,0.2,0,0,0,0.05,500,0.3,0.025,0.2,0.2,0.025,0.3,0.025,-0.2,0.2,0.025,0,0,0,0,1,0,0,9.81,0,0,0,0,.00,0.00,0
6.680298,0,0.4201414,-0.2685542,0.3720339,49.53,260.35,22.63,0.02,0,0.2483612,-0.1867408,-0.2465833,318.19,17.82001,186.5,0.02,0.3,0.025,0.2,0,0,0,0.05,500,0.3,0.025,0.2,0.2,0.025,0.3,0.025,-0.2,0.2,0.025,0,0,0,0,1,0,0,9.81,0,0,0,0,.00,0.00,0
6.690551,0,0.4192524,-0.2683256,0.3726943,49.42001,260.31,22.57,0.02,0,0.2483612,-0.1867408,-0.2465833,318.19,17.82001,186.5,0.02,0.3,0.025,0.2,0,0,0,0.05,500,0.3,0.025,0.2,0.2,0.025,0.3,0.025,-0.2,0.2,0.025,0,0,0,0,1,0,0,9.81,0,0,0,0,.00,0.00,0
6.700835,0,0.4195826,-0.2674367,0.3737103,49.37,260.49,22.48001,0.02,0,0.2483612,-0.1867408,-0.2465833,318.19,17.82001,186.5,0.02,0.3,0.025,0.2,0,0,0,0.05,500,0.3,0.025,0.2,0.2,0.025,0.3,0.025,-0.2,0.2,0.025,0,0,0,0,1,0,0,9.81,0,0,0,0,.00,0.00,0
6.710795,0,0.4195826,-0.2674367,0.3737103,49.37,260.49,22.48001,0.02,0,0.2483612,-0.1867408,-0.2465833,318.19,17.82001,186.5,0.02,0.3,0.025,0.2,0,0,0,0.05,500,0.3,0.025,0.2,0.2,0.025,0.3,0.025,-0.2,0.2,0.025,0,0,0,0,1,0,0,9.81,0,0,0,0,.00,0.00,0
6.72144,0,0.419354,-0.2670048,0.3750565,49.22001,260.62,22.35,0.02,0,0.2483612,-0.1867408,-0.2465833,318.19,17.82001,186.5,0.02,0.3,0.025,0.2,0,0,0,0.05,500,0.3,0.025,0.2,0.2,0.025,0.3,0.025,-0.2,0.2,0.025,0,0,0,0,1,0,0,9.81,0,0,0,0,.00,0.00,0
6.73174,0,0.4191254,-0.2668778,0.3754883,49.13001,260.64,22.31999,0.02,0,0.2483612,-0.1867408,-0.2465833,318.19,17.82001,186.5,0.02,0.3,0.025,0.2,0,0,0,0.05,500,0.3,0.025,0.2,0.2,0.025,0.3,0.025,-0.2,0.2,0.025,0,0,0,0,1,0,0,9.81,0,0,0,0,.00,0.00,0
6.742353,0,0.4190238,-0.2668779,0.3758185,49.09,260.71,22.29999,0.02,0,0.2483612,-0.1867408,-0.2465833,318.19,17.82001,186.5,0.02,0.3,0.025,0.2,0,0,0,0.05,500,0.3,0.025,0.2,0.2,0.025,0.3,0.025,-0.2,0.2,0.025,0,0,0,0,1,0,0,9.81,0,0,0,0,.00,0.00,0
6.753161,0,0.4186936,-0.2673351,0.3756153,49.06,260.64,22.36999,0.02,0,0.2483612,-0.1867408,-0.2465833,318.19,17.82001,186.5,0.02,0.3,0.025,0.2,0,0,0,0.05,500,0.3,0.025,0.2,0.2,0.025,0.3,0.025,-0.2,0.2,0.025,0,0,0,0,1,0,0,9.81,0,0,0,0,.00,0.00,0
6.763564,0,0.4180332,-0.2681225,0.3748279,49.02,260.53,22.52,0.02,0,0.2483612,-0.1867408,-0.2465833,318.19,17.82001,186.5,0.02,0.3,0.025,0.2,0,0,0,0.05,500,0.3,0.025,0.2,0.2,0.025,0.3,0.025,-0.2,0.2,0.025,0,0,0,0,1,0,0,9.81,0,0,0,0,.00,0.00,0
6.773289,0,0.4180332,-0.2687829,0.3734817,49.15,260.44,22.7,0.02,0,0.2483612,-0.1867408,-0.2465833,318.19,17.82001,186.5,0.02,0.3,0.025,0.2,0,0,0,0.05,500,0.3,0.025,0.2,0.2,0.025,0.3,0.025,-0.2,0.2,0.025,0,0,0,0,1,0,0,9.81,0,0,0,0,.00,0.00,0
6.786929,0,0.4173474,-0.2703577,0.3718053,49.2,260.2,22.94,0.02,0,0.2483612,-0.1867408,-0.2465833,318.16,17.82001,186.5,0.02,0.3,0.025,0.2,0,0,0,0.05,500,0.3,0.025,0.2,0.2,0.025,0.3,0.025,-0.2,0.2,0.025,0,0,0,0,1,0,0,9.81,0,0,0,0,0.00,0.00,0
6.81061,0,0.4176776,-0.2729231,0.3694685,49.28001,259.85,23.05,0.02,0,0.2483612,-0.1868424,-0.2465833,318.16,17.82001,186.5,0.02,0.3,0.025,0.2,0,0,0,0.05,500,0.3,0.025,0.2,0.2,0.025,0.3,0.025,-0.2,0.2,0.025,0,0,0,0,1,0,0,9.81,0,0,0,0,.00,0.00,0
6.822332,0,0.4178046,-0.2730246,0.3699003,49.20001,259.85,22.98,0.02,0,0.2483612,-0.1868424,-0.2465833,318.16,17.82001,186.5,0.02,0.3,0.025,0.2,0,0,0,0.05,500,0.3,0.025,0.2,0.2,0.025,0.3,0.025,-0.2,0.2,0.025,0,0,0,0,1,0,0,9.81,0,0,0,0,00,0.00,0
6.835386,0,0.4182364,-0.2730247,0.3703575,49.15001,259.87,22.87,0.02,0,0.2483612,-0.1868424,-0.2465833,318.19,17.82001,186.5,0.02,0.3,0.025,0.2,0,0,0,0.05,500,0.3,0.025,0.2,0.2,0.025,0.3,0.025,-0.2,0.2,0.025,0,0,0,0,1,0,0,9.81,0,0,0,0,0,0.00,0
6.844129,0,0.4182364,-0.2730247,0.3703575,49.15001,259.87,22.87,0.02,0,0.2483612,-0.1868424,-0.2465833,318.19,17.82001,186.5,0.02,0.3,0.025,0.2,0,0,0,0.05,500,0.3,0.025,0.2,0.2,0.025,0.3,0.025,-0.2,0.2,0.025,0,0,0,0,1,0,0,9.81,0,0,0,0,0.00,0.00,0
6.856582,0,0.418465,-0.2729231,0.372364,48.8,260,22.57001,0.02,0,0.2483612,-0.1868424,-0.2465833,318.19,17.82001,186.5,0.02,0.3,0.025,0.2,0,0,0,0.05,500,0.3,0.025,0.2,0.2,0.025,0.3,0.025,-0.2,0.2,0.025,0,0,0,0,1,0,0,9.81,0,0,0,0,.00,0.00,0
6.867988,0,0.417576,-0.2687829,0.3759455,48.52,260.79,22.09999,0.02,0,0.2483612,-0.1868424,-0.2465833,318.19,17.82001,186.5,0.02,0.3,0.025,0.2,0,0,0,0.05,500,0.3,0.025,0.2,0.2,0.025,0.3,0.025,-0.2,0.2,0.025,0,0,0,0,1,0,0,9.81,0,0,0,0,.00,0.00,0
6.880067,0,0.4167886,-0.2676653,0.3767329,48.45001,260.97,22.04,0.02,0,0.2483612,-0.1868424,-0.2464563,318.19,17.82001,186.5,0.02,0.3,0.025,0.2,0,0,0,0.05,500,0.3,0.025,0.2,0.2,0.025,0.3,0.025,-0.2,0.2,0.025,0,0,0,0,1,0,0,9.81,0,0,0,0,00,0.00,0
6.889666,0,0.415798,-0.2665477,0.3770631,48.45001,261.12,21.99001,0.02,0,0.2483612,-0.1868424,-0.2464563,318.19,17.82001,186.5,0.02,0.3,0.025,0.2,0,0,0,0.05,500,0.3,0.025,0.2,0.2,0.025,0.3,0.025,-0.2,0.2,0.025,0,0,0,0,1,0,0,9.81,0,0,0,0,00,0.00,0
6.898104,0,0.415798,-0.2665477,0.3770631,48.45001,261.12,21.99001,0.02,0,0.2483612,-0.1868424,-0.2464563,318.19,17.82001,186.5,0.02,0.3,0.025,0.2,0,0,0,0.05,500,0.3,0.025,0.2,0.2,0.025,0.3,0.025,-0.2,0.2,0.025,0,0,0,0,1,0,0,9.81,0,0,0,0,00,0.00,0
6.905382,0,0.4154424,-0.2662174,0.3768345,48.51999,261.17,22.04,0.02,0,0.2483612,-0.1868424,-0.2464563,318.19,17.82002,186.53,0.02,0.3,0.025,0.2,0,0,0,0.05,500,0.3,0.025,0.2,0.2,0.025,0.3,0.025,-0.2,0.2,0.025,0,0,0,0,1,0,0,9.81,0,0,0,0,00,0.00,0
6.917262,0,0.4152392,-0.2666746,0.3757169,48.69,261.06,22.18999,0.02,0,0.2483612,-0.1868424,-0.2464563,318.19,17.82002,186.53,0.02,0.3,0.025,0.2,0,0,0,0.05,500,0.3,0.025,0.2,0.2,0.025,0.3,0.025,-0.2,0.2,0.025,0,0,0,0,1,0,0,9.81,0,0,0,0,00,0.00,0
6.926703,0,0.4150106,-0.2677669,0.3744977,48.82,260.86,22.39,0.02,0,0.2483612,-0.1868424,-0.2464563,318.19,17.82002,186.53,0.02,0.3,0.025,0.2,0,0,0,0.05,500,0.3,0.025,0.2,0.2,0.025,0.3,0.025,-0.2,0.2,0.025,0,0,0,0,1,0,0,9.81,0,0,0,0,00,0.00,0
6.936652,0,0.4153408,-0.2687829,0.3728213,49.06001,260.64,22.62999,0.02,0,0.2483612,-0.1868424,-0.2464563,318.19,17.82002,186.53,0.02,0.3,0.025,0.2,0,0,0,0.05,500,0.3,0.025,0.2,0.2,0.025,0.3,0.025,-0.2,0.2,0.025,0,0,0,0,1,0,0,9.81,0,0,0,0,00,0.00,0
6.947724,0,0.4155694,-0.2697989,0.3718053,49.25999,260.38,22.74,0.02,0,0.2483612,-0.1868424,-0.2465833,318.19,17.82002,186.53,0.02,0.3,0.025,0.2,0,0,0,0.05,500,0.3,0.025,0.2,0.2,0.025,0.3,0.025,-0.2,0.2,0.025,0,0,0,0,1,0,0,9.81,0,0,0,0,00,0.00,0
6.95709,0,0.4155694,-0.2697989,0.3718053,49.25999,260.38,22.74,0.02,0,0.2483612,-0.1868424,-0.2465833,318.19,17.82002,186.53,0.02,0.3,0.025,0.2,0,0,0,0.05,500,0.3,0.025,0.2,0.2,0.025,0.3,0.025,-0.2,0.2,0.025,0,0,0,0,1,0,0,9.81,0,0,0,0,00,0.00,0
6.968714,0,0.4151122,-0.2686813,0.3734817,49.04001,260.51,22.48,0.02,0,0.2483612,-0.1868424,-0.2465833,318.19,17.82002,186.53,0.02,0.3,0.025,0.2,0,0,0,0.05,500,0.3,0.025,0.2,0.2,0.025,0.3,0.025,-0.2,0.2,0.025,0,0,0,0,1,0,0,9.81,0,0,0,0,00,0.00,0
6.978707,0,0.4148836,-0.2683257,0.3740405,48.96001,260.57,22.38999,0.02,0,0.2483612,-0.1868424,-0.2465833,318.19,17.82002,186.53,0.02,0.3,0.025,0.2,0,0,0,0.05,500,0.3,0.025,0.2,0.2,0.025,0.3,0.025,-0.2,0.2,0.025,0,0,0,0,1,0,0,9.81,0,0,0,0,00,0.00,0
6.989324,0,0.4143502,-0.2679955,0.3752597,48.76,260.64,22.21,0.02,0,0.2483612,-0.1868424,-0.2465833,318.19,17.82002,186.53,0.02,0.3,0.025,0.2,0,0,0,0.05,500,0.3,0.025,0.2,0.2,0.025,0.3,0.025,-0.2,0.2,0.025,0,0,0,0,1,0,0,9.81,0,0,0,0,00,0.00,0
6.999483,0,0.4143502,-0.2679955,0.3752597,48.76,260.64,22.21,0.02,0,0.2483612,-0.1868424,-0.2465833,318.19,17.82002,186.53,0.02,0.3,0.025,0.2,0,0,0,0.05,500,0.3,0.025,0.2,0.2,0.025,0.3,0.025,-0.2,0.2,0.025,0,0,0,0,1,0,0,9.81,0,0,0,0,00,0.00,0
7.010307,0,0.4151122,-0.2681225,0.3758185,48.76,260.73,22.08,0.02,0,0.2483612,-0.1868424,-0.2465833,318.19,17.82002,186.53,0.02,0.3,0.025,0.2,0,0,0,0.05,500,0.3,0.025,0.2,0.2,0.025,0.3,0.025,-0.2,0.2,0.025,0,0,0,0,1,0,0,9.81,0,0,0,0,00,0.00,0
7.020675,0,0.4152392,-0.2685542,0.3757169,48.71001,260.68,22.1,0.02,0,0.2483612,-0.1868424,-0.2464563,318.19,17.82002,186.53,0.02,0.3,0.025,0.2,0,0,0,0.05,500,0.3,0.025,0.2,0.2,0.025,0.3,0.025,-0.2,0.2,0.025,0,0,0,0,1,0,0,9.81,0,0,0,0,00,0.00,0
7.030413,0,0.4158996,-0.2688845,0.3754883,48.75999,260.71,22.14999,0.02,0,0.2483612,-0.1868424,-0.2464563,318.19,17.82002,186.53,0.02,0.3,0.025,0.2,0,0,0,0.05,500,0.3,0.025,0.2,0.2,0.025,0.3,0.025,-0.2,0.2,0.025,0,0,0,0,1,0,0,9.81,0,0,0,0,00,0.00,0
7.041015,0,0.4174744,-0.2699005,0.3745992,48.93001,260.66,22.25999,0.02,0,0.2483612,-0.1868424,-0.2464563,318.19,17.82002,186.53,0.02,0.3,0.025,0.2,0,0,0,0.05,500,0.3,0.025,0.2,0.2,0.025,0.3,0.025,-0.2,0.2,0.025,0,0,0,0,1,0,0,9.81,0,0,0,0,00,0.00,0
7.051111,0,0.4181348,-0.2712467,0.3739389,48.89,260.55,22.38999,0.02,0,0.2483612,-0.1868424,-0.2464563,318.19,17.82002,186.53,0.02,0.3,0.025,0.2,0,0,0,0.05,500,0.3,0.025,0.2,0.2,0.025,0.3,0.025,-0.2,0.2,0.025,0,0,0,0,1,0,0,9.81,0,0,0,0,00,0.00,0
7.062595,0,0.4198112,-0.2720087,0.3735833,48.89001,260.57,22.5,0.02,0,0.2483612,-0.1868424,-0.2464563,318.19,17.82002,186.53,0.02,0.3,0.025,0.2,0,0,0,0.05,500,0.3,0.025,0.2,0.2,0.025,0.3,0.025,-0.2,0.2,0.025,0,0,0,0,1,0,0,9.81,0,0,0,0,00,0.00,0
7.071938,0,0.421259,-0.2730246,0.3722624,49.06001,260.51,22.74,0.02,0,0.2483612,-0.1868424,-0.2464563,318.19,17.82002,186.53,0.02,0.3,0.025,0.2,0,0,0,0.05,500,0.3,0.025,0.2,0.2,0.025,0.3,0.025,-0.2,0.2,0.025,0,0,0,0,1,0,0,9.81,0,0,0,0,00,0.00,0
7.083831,0,0.421259,-0.2741422,0.3719322,48.96,260.38,22.90001,0.02,0,0.2483612,-0.1868424,-0.2464563,318.19,17.82002,186.53,0.02,0.3,0.025,0.2,0,0,0,0.05,500,0.3,0.025,0.2,0.2,0.025,0.3,0.025,-0.2,0.2,0.025,0,0,0,0,1,0,0,9.81,0,0,0,0,00,0.00,0
7.09278,0,0.4218178,-0.2743708,0.3718053,48.89001,260.42,23.03001,0.02,0,0.2483612,-0.1868424,-0.2464563,318.19,17.82002,186.53,0.02,0.3,0.025,0.2,0,0,0,0.05,500,0.3,0.025,0.2,0.2,0.025,0.3,0.025,-0.2,0.2,0.025,0,0,0,0,1,0,0,9.81,0,0,0,0,00,0.00,0
7.10302,0,0.422275,-0.2738121,0.371475,49.11,260.55,23.04999,0.02,0,0.2483612,-0.1868424,-0.2464563,318.19,17.82002,186.53,0.02,0.3,0.025,0.2,0,0,0,0.05,500,0.3,0.025,0.2,0.2,0.025,0.3,0.025,-0.2,0.2,0.025,0,0,0,0,1,0,0,9.81,0,0,0,0,00,0.00,0
7.114252,0,0.422275,-0.2740406,0.3709162,49.14999,260.51,23.16001,0.02,0,0.2483612,-0.1868424,-0.2464563,318.19,17.82002,186.53,0.02,0.3,0.025,0.2,0,0,0,0.05,500,0.3,0.025,0.2,0.2,0.025,0.3,0.025,-0.2,0.2,0.025,0,0,0,0,1,0,0,9.81,0,0,0,0,00,0.00,0
7.123717,0,0.422275,-0.2735835,0.3709162,49.17,260.6,23.14,0.02,0,0.2483612,-0.1868424,-0.2464563,318.19,17.82002,186.53,0.02,0.3,0.025,0.2,0,0,0,0.05,500,0.3,0.025,0.2,0.2,0.025,0.3,0.025,-0.2,0.2,0.025,0,0,0,0,1,0,0,9.81,0,0,0,0,00,0.00,0
7.135218,0,0.4226052,-0.2732533,0.3706877,49.31001,260.66,23.14,0.02,0,0.2483612,-0.1868424,-0.2464563,318.19,17.82002,186.53,0.02,0.3,0.025,0.2,0,0,0,0.05,500,0.3,0.025,0.2,0.2,0.025,0.3,0.025,-0.2,0.2,0.025,0,0,0,0,1,0,0,9.81,0,0,0,0,00,0.00,0
7.145527,0,0.4228084,-0.2725675,0.3703575,49.44001,260.77,23.14,0.02,0,0.2483612,-0.1868424,-0.2464563,318.19,17.82002,186.53,0.02,0.3,0.025,0.2,0,0,0,0.05,500,0.3,0.025,0.2,0.2,0.025,0.3,0.025,-0.2,0.2,0.025,0,0,0,0,1,0,0,9.81,0,0,0,0,00,0.00,0
7.155742,0,0.423037,-0.2720087,0.3702559,49.53,260.88,23.14,0.02,0,0.2483612,-0.1868424,-0.2464563,318.19,17.82002,186.53,0.02,0.3,0.025,0.2,0,0,0,0.05,500,0.3,0.025,0.2,0.2,0.025,0.3,0.025,-0.2,0.2,0.025,0,0,0,0,1,0,0,9.81,0,0,0,0,00,0.00,0
7.166216,0,0.423037,-0.2720087,0.3702559,49.53,260.88,23.14,0.02,0,0.2483612,-0.1868424,-0.2464563,318.19,17.82002,186.53,0.02,0.3,0.025,0.2,0,0,0,0.05,500,0.3,0.025,0.2,0.2,0.025,0.3,0.025,-0.2,0.2,0.025,0,0,0,0,1,0,0,9.81,0,0,0,0,00,0.00,0
7.176026,0,0.4247134,-0.2695702,0.3700272,50.12,261.34,23.05,0.02,0,0.2483612,-0.1868424,-0.2464563,318.19,17.82002,186.53,0.02,0.3,0.025,0.2,0,0,0,0.05,500,0.3,0.025,0.2,0.2,0.025,0.3,0.025,-0.2,0.2,0.025,0,0,0,0,1,0,0,9.81,0,0,0,0,00,0.00,0
7.187056,0,0.424942,-0.2685542,0.370459,50.21001,261.54,23.00999,0.02,0,0.2483612,-0.1868424,-0.2464563,318.19,17.82002,186.53,0.02,0.3,0.025,0.2,0,0,0,0.05,500,0.3,0.025,0.2,0.2,0.025,0.3,0.025,-0.2,0.2,0.025,0,0,0,0,1,0,0,9.81,0,0,0,0,00,0.00,0
7.196863,0,0.4256024,-0.2679955,0.3706877,50.43,261.69,22.98,0.02,0,0.2483612,-0.1868424,-0.2464563,318.19,17.82002,186.53,0.02,0.3,0.025,0.2,0,0,0,0.05,500,0.3,0.025,0.2,0.2,0.025,0.3,0.025,-0.2,0.2,0.025,0,0,0,0,1,0,0,9.81,0,0,0,0,00,0.00,0
7.207604,0,0.425831,-0.2687829,0.3697987,50.47001,261.61,23.14,0.02,0,0.2483612,-0.1868424,-0.2464563,318.19,17.82002,186.53,0.02,0.3,0.025,0.2,0,0,0,0.05,500,0.3,0.025,0.2,0.2,0.025,0.3,0.025,-0.2,0.2,0.025,0,0,0,0,1,0,0,9.81,0,0,0,0,00,0.00,0
7.218282,0,0.4260596,-0.2691131,0.3692398,50.49,261.54,23.2,0.02,0,0.2483612,-0.1868424,-0.2464563,318.19,17.82002,186.53,0.02,0.3,0.025,0.2,0,0,0,0.05,500,0.3,0.025,0.2,0.2,0.025,0.3,0.025,-0.2,0.2,0.025,0,0,0,0,1,0,0,9.81,0,0,0,0,00,0.00,0
7.229056,0,0.4263898,-0.2697989,0.3685794,50.56002,261.43,23.31,0.02,0,0.2483612,-0.1868424,-0.2465833,318.19,17.82002,186.53,0.02,0.3,0.025,0.2,0,0,0,0.05,500,0.3,0.025,0.2,0.2,0.025,0.3,0.025,-0.2,0.2,0.025,0,0,0,0,1,0,0,9.81,0,0,0,0,00,0.00,0
7.238594,0,0.426847,-0.2706878,0.3674619,50.58001,261.3,23.47,0.02,0,0.2483612,-0.1868424,-0.2465833,318.19,17.82002,186.53,0.02,0.3,0.025,0.2,0,0,0,0.05,500,0.3,0.025,0.2,0.2,0.025,0.3,0.025,-0.2,0.2,0.025,0,0,0,0,1,0,0,9.81,0,0,0,0,00,0.00,0
7.24864,0,0.4272788,-0.2714753,0.3665729,50.6,261.19,23.58,0.02,0,0.2483612,-0.1868424,-0.2465833,318.19,17.82002,186.53,0.02,0.3,0.025,0.2,0,0,0,0.05,500,0.3,0.025,0.2,0.2,0.025,0.3,0.025,-0.2,0.2,0.025,0,0,0,0,1,0,0,9.81,0,0,0,0,00,0.00,0
7.259336,0,0.427609,-0.2740406,0.3642106,50.63002,260.75,23.87999,0.02,0,0.2483612,-0.1868424,-0.2465833,318.19,17.82002,186.53,0.02,0.3,0.025,0.2,0,0,0,0.05,500,0.3,0.025,0.2,0.2,0.025,0.3,0.025,-0.2,0.2,0.025,0,0,0,0,1,0,0,9.81,0,0,0,0,00,0.00,0
7.269964,0,0.4275074,-0.2749297,0.3636519,50.47001,260.62,24.02,0.02,0,0.2483612,-0.1868424,-0.2465833,318.19,17.82001,186.5,0.02,0.3,0.025,0.2,0,0,0,0.05,500,0.3,0.025,0.2,0.2,0.025,0.3,0.025,-0.2,0.2,0.025,0,0,0,0,1,0,0,9.81,0,0,0,0,00,0.00,0
7.280793,0,0.4274058,-0.2758187,0.3628899,50.38,260.49,24.17,0.02,0,0.2483612,-0.1868424,-0.2465833,318.19,17.82001,186.5,0.02,0.3,0.025,0.2,0,0,0,0.05,500,0.3,0.025,0.2,0.2,0.025,0.3,0.025,-0.2,0.2,0.025,0,0,0,0,1,0,0,9.81,0,0,0,0,00,0.00,0
7.290387,0,0.4261612,-0.2772664,0.3622041,50.23,260.2,24.26,0.02,0,0.2483612,-0.1868424,-0.2465833,318.19,17.82001,186.5,0.02,0.3,0.025,0.2,0,0,0,0.05,500,0.3,0.025,0.2,0.2,0.025,0.3,0.025,-0.2,0.2,0.025,0,0,0,0,1,0,0,9.81,0,0,0,0,00,0.00,0
7.301874,0,0.4252722,-0.2774951,0.3626612,50.01,260.18,24.24,0.02,0,0.2483612,-0.1868424,-0.2465833,318.19,17.82002,186.53,0.02,0.3,0.025,0.2,0,0,0,0.05,500,0.3,0.025,0.2,0.2,0.025,0.3,0.025,-0.2,0.2,0.025,0,0,0,0,1,0,0,9.81,0,0,0,0,00,0.00,0
7.311063,0,0.4252722,-0.2774951,0.3626612,50.01,260.18,24.24,0.02,0,0.2483612,-0.1868424,-0.2465833,318.19,17.82002,186.53,0.02,0.3,0.025,0.2,0,0,0,0.05,500,0.3,0.025,0.2,0.2,0.025,0.3,0.025,-0.2,0.2,0.025,0,0,0,0,1,0,0,9.81,0,0,0,0,00,0.00,0
7.32131,0,0.423926,-0.2766061,0.3638805,49.86001,260.31,24.08,0.02,0,0.2483612,-0.1868424,-0.2465833,318.19,17.82002,186.53,0.02,0.3,0.025,0.2,0,0,0,0.05,500,0.3,0.025,0.2,0.2,0.025,0.3,0.025,-0.2,0.2,0.025,0,0,0,0,1,0,0,9.81,0,0,0,0,00,0.00,0
7.332812,0,0.423164,-0.2760473,0.3646679,49.77001,260.4,23.96999,0.02,0,0.2483612,-0.1868424,-0.2465833,318.19,17.82002,186.53,0.02,0.3,0.025,0.2,0,0,0,0.05,500,0.3,0.025,0.2,0.2,0.025,0.3,0.025,-0.2,0.2,0.025,0,0,0,0,1,0,0,9.81,0,0,0,0,00,0.00,0
7.342279,0,0.4227068,-0.2748026,0.365887,49.70002,260.64,23.8,0.02,0,0.2483612,-0.1868424,-0.2465833,318.19,17.82002,186.53,0.02,0.3,0.025,0.2,0,0,0,0.05,500,0.3,0.025,0.2,0.2,0.025,0.3,0.025,-0.2,0.2,0.025,0,0,0,0,1,0,0,9.81,0,0,0,0,00,0.00,0
7.35378,0,0.422275,-0.2738121,0.3666745,49.72,260.79,23.63999,0.02,0,0.2483612,-0.1868424,-0.2465833,318.16,17.82001,186.53,0.02,0.3,0.025,0.2,0,0,0,0.05,500,0.3,0.025,0.2,0.2,0.025,0.3,0.025,-0.2,0.2,0.025,0,0,0,0,1,0,0,9.81,0,0,0,0,00,0.00,0
7.363892,0,0.4218178,-0.2719071,0.3688081,49.64,261.12,23.35999,0.02,0,0.2483612,-0.1868424,-0.2465833,318.16,17.82001,186.53,0.02,0.3,0.025,0.2,0,0,0,0.05,500,0.3,0.025,0.2,0.2,0.025,0.3,0.025,-0.2,0.2,0.025,0,0,0,0,1,0,0,9.81,0,0,0,0,00,0.00,0
7.374021,0,0.422275,-0.2710181,0.3691382,49.70002,261.3,23.29,0.02,0,0.2483612,-0.1868424,-0.2465833,318.16,17.82001,186.53,0.02,0.3,0.025,0.2,0,0,0,0.05,500,0.3,0.025,0.2,0.2,0.025,0.3,0.025,-0.2,0.2,0.025,0,0,0,0,1,0,0,9.81,0,0,0,0,00,0.00,0
7.384624,0,0.423037,-0.2711197,0.3685794,49.88001,261.32,23.33001,0.02,0,0.2483612,-0.1868424,-0.2465833,318.16,17.82001,186.53,0.02,0.3,0.025,0.2,0,0,0,0.05,500,0.3,0.025,0.2,0.2,0.025,0.3,0.025,-0.2,0.2,0.025,0,0,0,0,1,0,0,9.81,0,0,0,0,00,0.00,0
7.394346,0,0.4237228,-0.2714753,0.3678937,49.99001,261.25,23.42001,0.02,0,0.2483612,-0.1868424,-0.2465833,318.16,17.82001,186.53,0.02,0.3,0.025,0.2,0,0,0,0.05,500,0.3,0.025,0.2,0.2,0.025,0.3,0.025,-0.2,0.2,0.025,0,0,0,0,1,0,0,9.81,0,0,0,0,00,0.00,0
7.405093,0,0.423926,-0.2715768,0.3676904,50.01,261.23,23.44,0.02,0,0.2483612,-0.1868424,-0.2465833,318.16,17.82001,186.53,0.02,0.3,0.025,0.2,0,0,0,0.05,500,0.3,0.025,0.2,0.2,0.025,0.3,0.025,-0.2,0.2,0.025,0,0,0,0,1,0,0,9.81,0,0,0,0,00,0.00,0
7.415421,0,0.4246118,-0.2719071,0.3670047,50.13999,261.19,23.53,0.02,0,0.2483612,-0.1868424,-0.2465833,318.16,17.82001,186.5,0.02,0.3,0.025,0.2,0,0,0,0.05,500,0.3,0.025,0.2,0.2,0.025,0.3,0.025,-0.2,0.2,0.025,0,0,0,0,1,0,0,9.81,0,0,0,0,00,0.00,0
7.426003,0,0.4252722,-0.2725675,0.3664459,50.21,261.1,23.61999,0.02,0,0.2483612,-0.1868424,-0.2465833,318.16,17.82001,186.5,0.02,0.3,0.025,0.2,0,0,0,0.05,500,0.3,0.025,0.2,0.2,0.025,0.3,0.025,-0.2,0.2,0.025,0,0,0,0,1,0,0,9.81,0,0,0,0,00,0.00,0
7.436488,0,0.425831,-0.2730247,0.3661156,50.23,261.06,23.69,0.02,0,0.2483612,-0.1867408,-0.2465833,318.16,17.82001,186.5,0.02,0.3,0.025,0.2,0,0,0,0.05,500,0.3,0.025,0.2,0.2,0.025,0.3,0.025,-0.2,0.2,0.025,0,0,0,0,1,0,0,9.81,0,0,0,0,00,0.00,0
7.447397,0,0.4266184,-0.2738121,0.3656585,50.34001,260.99,23.8,0.02,0,0.2483612,-0.1867408,-0.2465833,318.16,17.82001,186.5,0.02,0.3,0.025,0.2,0,0,0,0.05,500,0.3,0.025,0.2,0.2,0.025,0.3,0.025,-0.2,0.2,0.025,0,0,0,0,1,0,0,9.81,0,0,0,0,00,0.00,0
7.456846,0,0.426847,-0.2745995,0.3652267,50.33999,260.88,23.87999,0.02,0,0.2483612,-0.1867408,-0.2465833,318.16,17.82001,186.5,0.02,0.3,0.025,0.2,0,0,0,0.05,500,0.3,0.025,0.2,0.2,0.025,0.3,0.025,-0.2,0.2,0.025,0,0,0,0,1,0,0,9.81,0,0,0,0,00,0.00,0
7.467241,0,0.426847,-0.2750313,0.3653283,50.23001,260.84,23.97,0.02,0,0.2483612,-0.1867408,-0.2465833,318.16,17.82001,186.5,0.02,0.3,0.025,0.2,0,0,0,0.05,500,0.3,0.025,0.2,0.2,0.025,0.3,0.025,-0.2,0.2,0.025,0,0,0,0,1,0,0,9.81,0,0,0,0,00,0.00,0
7.477954,0,0.42672,-0.2759202,0.3645662,50.22999,260.71,24.08,0.02,0,0.2483612,-0.1868424,-0.2465833,318.16,17.82001,186.5,0.02,0.3,0.025,0.2,0,0,0,0.05,500,0.3,0.025,0.2,0.2,0.025,0.3,0.025,-0.2,0.2,0.025,0,0,0,0,1,0,0,9.81,0,0,0,0,00,0.00,0
7.488122,0,0.42672,-0.2759202,0.3645662,50.22999,260.71,24.08,0.02,0,0.2483612,-0.1868424,-0.2465833,318.16,17.82001,186.5,0.02,0.3,0.025,0.2,0,0,0,0.05,500,0.3,0.025,0.2,0.2,0.025,0.3,0.025,-0.2,0.2,0.025,0,0,0,0,1,0,0,9.81,0,0,0,0,00,0.00,0
7.499038,0,0.425831,-0.2762505,0.364998,50.01,260.71,23.98999,0.02,0,0.2483612,-0.1868424,-0.2465833,318.19,17.82001,186.5,0.02,0.3,0.025,0.2,0,0,0,0.05,500,0.3,0.025,0.2,0.2,0.025,0.3,0.025,-0.2,0.2,0.025,0,0,0,0,1,0,0,9.81,0,0,0,0,00,0.00,0
7.508666,0,0.4251706,-0.2767076,0.3651251,49.88002,260.64,23.93001,0.02,0,0.2483612,-0.1868424,-0.2465833,318.19,17.82001,186.5,0.02,0.3,0.025,0.2,0,0,0,0.05,500,0.3,0.025,0.2,0.2,0.025,0.3,0.025,-0.2,0.2,0.025,0,0,0,0,1,0,0,9.81,0,0,0,0,00,0.00,0
7.520463,0,0.4244848,-0.2764791,0.3657854,49.72,260.68,23.81999,0.02,0,0.2483612,-0.1868424,-0.2465833,318.19,17.82002,186.53,0.02,0.3,0.025,0.2,0,0,0,0.05,500,0.3,0.025,0.2,0.2,0.025,0.3,0.025,-0.2,0.2,0.025,0,0,0,0,1,0,0,9.81,0,0,0,0,00,0.00,0
7.529835,0,0.4241546,-0.2766061,0.3660141,49.66001,260.71,23.77,0.02,0,0.2483612,-0.1868424,-0.2465833,318.19,17.82002,186.53,0.02,0.3,0.025,0.2,0,0,0,0.05,500,0.3,0.025,0.2,0.2,0.025,0.3,0.025,-0.2,0.2,0.025,0,0,0,0,1,0,0,9.81,0,0,0,0,00,0.00,0
7.539775,0,0.4237228,-0.2771648,0.3657854,49.61,260.64,23.74999,0.02,0,0.2483612,-0.1868424,-0.2465833,318.19,17.82002,186.53,0.02,0.3,0.025,0.2,0,0,0,0.05,500,0.3,0.025,0.2,0.2,0.025,0.3,0.025,-0.2,0.2,0.025,0,0,0,0,1,0,0,9.81,0,0,0,0,00,0.00,0
7.551276,0,0.424053,-0.2774951,0.3655569,49.61001,260.62,23.8,0.02,0,0.2483612,-0.1868424,-0.2465833,318.19,17.82002,186.53,0.02,0.3,0.025,0.2,0,0,0,0.05,500,0.3,0.025,0.2,0.2,0.025,0.3,0.025,-0.2,0.2,0.025,0,0,0,0,1,0,0,9.81,0,0,0,0,00,0.00,0
7.560512,0,0.4246118,-0.277495,0.364998,49.75,260.66,23.84,0.02,0,0.2483612,-0.1868424,-0.2465833,318.19,17.82002,186.53,0.02,0.3,0.025,0.2,0,0,0,0.05,500,0.3,0.025,0.2,0.2,0.025,0.3,0.025,-0.2,0.2,0.025,0,0,0,0,1,0,0,9.81,0,0,0,0,00,0.00,0
7.572013,0,0.4251706,-0.2780538,0.3642106,49.88,260.6,23.95,0.02,0,0.2483612,-0.1868424,-0.2465833,318.19,17.82002,186.53,0.02,0.3,0.025,0.2,0,0,0,0.05,500,0.3,0.025,0.2,0.2,0.025,0.3,0.025,-0.2,0.2,0.025,0,0,0,0,1,0,0,9.81,0,0,0,0,00,0.00,0
7.581894,0,0.4253992,-0.2779269,0.3638805,49.92001,260.62,23.99,0.02,0,0.2483612,-0.1868424,-0.2465833,318.19,17.82002,186.53,0.02,0.3,0.025,0.2,0,0,0,0.05,500,0.3,0.025,0.2,0.2,0.025,0.3,0.025,-0.2,0.2,0.025,0,0,0,0,1,0,0,9.81,0,0,0,0,00,0.00,0
7.592478,0,0.4260596,-0.2773681,0.3636519,50.10001,260.75,24.02,0.02,0,0.2483612,-0.1868424,-0.2465833,318.19,17.82002,186.53,0.02,0.3,0.025,0.2,0,0,0,0.05,500,0.3,0.025,0.2,0.2,0.025,0.3,0.025,-0.2,0.2,0.025,0,0,0,0,1,0,0,9.81,0,0,0,0,00,0.00,0
7.60289,0,0.4261612,-0.2770379,0.3635502,50.19001,260.79,24.02,0.02,0,0.2483612,-0.1868424,-0.2465833,318.19,17.82001,186.5,0.02,0.3,0.025,0.2,0,0,0,0.05,500,0.3,0.025,0.2,0.2,0.025,0.3,0.025,-0.2,0.2,0.025,0,0,0,0,1,0,0,9.81,0,0,0,0,00,0.00,0
7.612968,0,0.4262882,-0.2760473,0.3640075,50.27,260.93,23.95,0.02,0,0.2483612,-0.1868424,-0.2465833,318.19,17.82001,186.5,0.02,0.3,0.025,0.2,0,0,0,0.05,500,0.3,0.025,0.2,0.2,0.025,0.3,0.025,-0.2,0.2,0.025,0,0,0,0,1,0,0,9.81,0,0,0,0,00,0.00,0
7.623333,0,0.4262882,-0.2750312,0.3645662,50.34,261.1,23.83999,0.02,0,0.2483612,-0.1868424,-0.2465833,318.19,17.82001,186.5,0.02,0.3,0.025,0.2,0,0,0,0.05,500,0.3,0.025,0.2,0.2,0.025,0.3,0.025,-0.2,0.2,0.025,0,0,0,0,1,0,0,9.81,0,0,0,0,00,0.00,0
7.633752,0,0.4261612,-0.2743708,0.364998,50.41002,261.21,23.8,0.02,0,0.2483612,-0.1868424,-0.2465833,318.19,17.82001,186.5,0.02,0.3,0.025,0.2,0,0,0,0.05,500,0.3,0.025,0.2,0.2,0.025,0.3,0.025,-0.2,0.2,0.025,0,0,0,0,1,0,0,9.81,0,0,0,0,00,0.00,0
7.644642,0,0.4255008,-0.2735834,0.3661156,50.3,261.3,23.64001,0.02,0,0.2483612,-0.1868424,-0.2465833,318.19,17.82001,186.5,0.02,0.3,0.025,0.2,0,0,0,0.05,500,0.3,0.025,0.2,0.2,0.025,0.3,0.025,-0.2,0.2,0.025,0,0,0,0,1,0,0,9.81,0,0,0,0,00,0.00,0
7.654368,0,0.4255008,-0.2735834,0.3661156,50.3,261.3,23.64001,0.02,0,0.2483612,-0.1868424,-0.2465833,318.19,17.82001,186.5,0.02,0.3,0.025,0.2,0,0,0,0.05,500,0.3,0.025,0.2,0.2,0.025,0.3,0.025,-0.2,0.2,0.025,0,0,0,0,1,0,0,9.81,0,0,0,0,00,0.00,0
7.665828,0,0.4253992,-0.2734819,0.3666745,50.25,261.34,23.60001,0.02,0,0.2483612,-0.1868424,-0.2465833,318.19,17.82001,186.5,0.02,0.3,0.025,0.2,0,0,0,0.05,500,0.3,0.025,0.2,0.2,0.025,0.3,0.025,-0.2,0.2,0.025,0,0,0,0,1,0,0,9.81,0,0,0,0,00,0.00,0
7.675376,0,0.4253992,-0.273685,0.3666745,50.21001,261.3,23.59999,0.02,0,0.2483612,-0.1868424,-0.2465833,318.19,17.82001,186.5,0.02,0.3,0.025,0.2,0,0,0,0.05,500,0.3,0.025,0.2,0.2,0.025,0.3,0.025,-0.2,0.2,0.025,0,0,0,0,1,0,0,9.81,0,0,0,0,00,0.00,0
7.685553,0,0.4255008,-0.2738121,0.3666745,50.21001,261.3,23.61999,0.02,0,0.2483612,-0.1868424,-0.2465833,318.19,17.82001,186.5,0.02,0.3,0.025,0.2,0,0,0,0.05,500,0.3,0.025,0.2,0.2,0.025,0.3,0.025,-0.2,0.2,0.025,0,0,0,0,1,0,0,9.81,0,0,0,0,00,0.00,0
7.696714,0,0.4256024,-0.2740407,0.3664459,50.21002,261.25,23.64,0.02,0,0.2483612,-0.1868424,-0.2465833,318.19,17.82001,186.5,0.02,0.3,0.025,0.2,0,0,0,0.05,500,0.3,0.025,0.2,0.2,0.025,0.3,0.025,-0.2,0.2,0.025,0,0,0,0,1,0,0,9.81,0,0,0,0,00,0.00,0
7.706213,0,0.4257294,-0.2742439,0.3662173,50.21,261.21,23.65999,0.02,0,0.2483612,-0.1868424,-0.2465833,318.19,17.82001,186.5,0.02,0.3,0.025,0.2,0,0,0,0.05,500,0.3,0.025,0.2,0.2,0.025,0.3,0.025,-0.2,0.2,0.025,0,0,0,0,1,0,0,9.81,0,0,0,0,00,0.00,0
7.717536,0,0.426847,-0.2753614,0.3652267,50.23,261.08,23.81999,0.02,0,0.2483612,-0.1868424,-0.2465833,318.19,17.82001,186.5,0.02,0.3,0.025,0.2,0,0,0,0.05,500,0.3,0.025,0.2,0.2,0.025,0.3,0.025,-0.2,0.2,0.025,0,0,0,0,1,0,0,9.81,0,0,0,0,00,0.00,0
7.727143,0,0.4282948,-0.2779269,0.3625343,50.34,260.73,24.18999,0.02,0,0.2483612,-0.1868424,-0.2465833,318.19,17.82001,186.5,0.02,0.3,0.025,0.2,0,0,0,0.05,500,0.3,0.025,0.2,0.2,0.025,0.3,0.025,-0.2,0.2,0.025,0,0,0,0,1,0,0,9.81,0,0,0,0,00,0.00,0
7.738615,0,0.427609,-0.2788413,0.3619755,50.01,260.64,24.32,0.02,0,0.2483612,-0.1868424,-0.2465833,318.19,17.82002,186.53,0.02,0.3,0.025,0.2,0,0,0,0.05,500,0.3,0.025,0.2,0.2,0.025,0.3,0.025,-0.2,0.2,0.025,0,0,0,0,1,0,0,9.81,0,0,0,0,00,0.00,0
7.748452,0,0.4263898,-0.2781554,0.3624327,49.97,260.77,24.26,0.02,0,0.2483612,-0.1868424,-0.2465833,318.19,17.82002,186.53,0.02,0.3,0.025,0.2,0,0,0,0.05,500,0.3,0.025,0.2,0.2,0.025,0.3,0.025,-0.2,0.2,0.025,0,0,0,0,1,0,0,9.81,0,0,0,0,00,0.00,0
7.758079,0,0.4253992,-0.2777237,0.3627628,49.90001,260.82,24.21,0.02,0,0.2483612,-0.1868424,-0.2465833,318.19,17.82002,186.53,0.02,0.3,0.025,0.2,0,0,0,0.05,500,0.3,0.025,0.2,0.2,0.025,0.3,0.025,-0.2,0.2,0.025,0,0,0,0,1,0,0,9.81,0,0,0,0,00,0.00,0
7.769565,0,0.4250436,-0.2772665,0.3632201,49.88,260.88,24.17,0.02,0,0.2483612,-0.1868424,-0.2465833,318.19,17.82002,186.53,0.02,0.3,0.025,0.2,0,0,0,0.05,500,0.3,0.025,0.2,0.2,0.025,0.3,0.025,-0.2,0.2,0.025,0,0,0,0,1,0,0,9.81,0,0,0,0,00,0.00,0
7.779551,0,0.4248404,-0.2767077,0.3634486,49.90001,260.97,24.13,0.02,0,0.2483612,-0.1868424,-0.2465833,318.19,17.82002,186.53,0.02,0.3,0.025,0.2,0,0,0,0.05,500,0.3,0.025,0.2,0.2,0.025,0.3,0.025,-0.2,0.2,0.025,0,0,0,0,1,0,0,9.81,0,0,0,0,00,0.00,0
7.789984,0,0.423926,-0.2752599,0.3645662,49.92001,261.17,23.93,0.02,0,0.2483612,-0.1868424,-0.2465833,318.19,17.82002,186.53,0.02,0.3,0.025,0.2,0,0,0,0.05,500,0.3,0.025,0.2,0.2,0.025,0.3,0.025,-0.2,0.2,0.025,0,0,0,0,1,0,0,9.81,0,0,0,0,00,0.00,0
7.800293,0,0.424053,-0.2741423,0.3656585,49.97001,261.36,23.74999,0.02,0,0.2483612,-0.1868424,-0.2465833,318.19,17.82002,186.53,0.02,0.3,0.025,0.2,0,0,0,0.05,500,0.3,0.025,0.2,0.2,0.025,0.3,0.025,-0.2,0.2,0.025,0,0,0,0,1,0,0,9.81,0,0,0,0,00,0.00,0
7.811065,0,0.424053,-0.2741423,0.3656585,49.97001,261.36,23.74999,0.02,0,0.2483612,-0.1868424,-0.2465833,318.19,17.82002,186.53,0.02,0.3,0.025,0.2,0,0,0,0.05,500,0.3,0.025,0.2,0.2,0.025,0.3,0.025,-0.2,0.2,0.025,0,0,0,0,1,0,0,9.81,0,0,0,0,00,0.00,0
7.8209,0,0.4252722,-0.2734819,0.3666745,50.16,261.54,23.58,0.02,0,0.2483612,-0.1868424,-0.2465833,318.19,17.82002,186.53,0.02,0.3,0.025,0.2,0,0,0,0.05,500,0.3,0.025,0.2,0.2,0.025,0.3,0.025,-0.2,0.2,0.025,0,0,0,0,1,0,0,9.81,0,0,0,0,00,0.00,0
7.831391,0,0.4257294,-0.2733549,0.3672332,50.14,261.58,23.50999,0.02,0,0.2483612,-0.1868424,-0.2465833,318.19,17.82002,186.53,0.02,0.3,0.025,0.2,0,0,0,0.05,500,0.3,0.025,0.2,0.2,0.025,0.3,0.025,-0.2,0.2,0.025,0,0,0,0,1,0,0,9.81,0,0,0,0,00,0.00,0
7.841905,0,0.4269486,-0.2732533,0.3674619,50.23,261.67,23.51,0.02,0,0.2483612,-0.1868424,-0.2465833,318.19,17.82002,186.53,0.02,0.3,0.025,0.2,0,0,0,0.05,500,0.3,0.025,0.2,0.2,0.025,0.3,0.025,-0.2,0.2,0.025,0,0,0,0,1,0,0,9.81,0,0,0,0,00,0.00,0
7.852241,0,0.4275074,-0.2731263,0.367792,50.27,261.74,23.47,0.02,0,0.2483612,-0.1868424,-0.2465833,318.19,17.82002,186.53,0.02,0.3,0.025,0.2,0,0,0,0.05,500,0.3,0.025,0.2,0.2,0.025,0.3,0.025,-0.2,0.2,0.025,0,0,0,0,1,0,0,9.81,0,0,0,0,00,0.00,0
7.863467,0,0.4281678,-0.2730246,0.3684524,50.21,261.83,23.37998,0.02,0,0.2483612,-0.1868424,-0.2465833,318.19,17.82002,186.53,0.02,0.3,0.025,0.2,0,0,0,0.05,500,0.3,0.025,0.2,0.2,0.025,0.3,0.025,-0.2,0.2,0.025,0,0,0,0,1,0,0,9.81,0,0,0,0,00,0.00,0
7.872808,0,0.4287266,-0.2726945,0.3685794,50.27,261.91,23.32999,0.02,0,0.2483612,-0.1868424,-0.2465833,318.19,17.82002,186.53,0.02,0.3,0.025,0.2,0,0,0,0.05,500,0.3,0.025,0.2,0.2,0.025,0.3,0.025,-0.2,0.2,0.025,0,0,0,0,1,0,0,9.81,0,0,0,0,00,0.00,0
7.884167,0,0.4289552,-0.2727961,0.3684524,50.30001,261.94,23.31,0.02,0,0.2483612,-0.1868424,-0.2465833,318.19,17.82002,186.53,0.02,0.3,0.025,0.2,0,0,0,0.05,500,0.3,0.025,0.2,0.2,0.025,0.3,0.025,-0.2,0.2,0.025,0,0,0,0,1,0,0,9.81,0,0,0,0,00,0.00,0
7.893539,0,0.4283964,-0.2727961,0.3683509,50.19001,261.89,23.22999,0.02,0,0.2483612,-0.1868424,-0.2465833,318.19,17.82002,186.53,0.02,0.3,0.025,0.2,0,0,0,0.05,500,0.3,0.025,0.2,0.2,0.025,0.3,0.025,-0.2,0.2,0.025,0,0,0,0,1,0,0,9.81,0,0,0,0,00,0.00,0
7.904136,0,0.4281678,-0.2726945,0.3681222,50.16,261.89,23.19999,0.02,0,0.2483612,-0.1868424,-0.2465833,318.19,17.82002,186.53,0.02,0.3,0.025,0.2,0,0,0,0.05,500,0.3,0.025,0.2,0.2,0.025,0.3,0.025,-0.2,0.2,0.025,0,0,0,0,1,0,0,9.81,0,0,0,0,00,0.00,0
7.914904,0,0.427736,-0.2725675,0.3675635,50.23,261.87,23.18,0.02,0,0.2483612,-0.1868424,-0.2465833,318.19,17.82002,186.53,0.02,0.3,0.025,0.2,0,0,0,0.05,500,0.3,0.025,0.2,0.2,0.025,0.3,0.025,-0.2,0.2,0.025,0,0,0,0,1,0,0,9.81,0,0,0,0,00,0.00,0
7.924703,0,0.4272788,-0.2724658,0.3674619,50.19,261.85,23.16,0.02,0,0.2483612,-0.1868424,-0.2464563,318.19,17.82001,186.5,0.02,0.3,0.025,0.2,0,0,0,0.05,500,0.3,0.025,0.2,0.2,0.025,0.3,0.025,-0.2,0.2,0.025,0,0,0,0,1,0,0,9.81,0,0,0,0,00,0.00,0
7.936033,0,0.426847,-0.2721356,0.3671317,50.19001,261.87,23.13999,0.02,0,0.2483612,-0.1868424,-0.2464563,318.19,17.82001,186.5,0.02,0.3,0.025,0.2,0,0,0,0.05,500,0.3,0.025,0.2,0.2,0.025,0.3,0.025,-0.2,0.2,0.025,0,0,0,0,1,0,0,9.81,0,0,0,0,00,0.00,0
7.946074,0,0.4260596,-0.2719071,0.3666745,50.19,261.87,23.17999,0.02,0,0.2483612,-0.1868424,-0.2464563,318.19,17.82001,186.5,0.02,0.3,0.025,0.2,0,0,0,0.05,500,0.3,0.025,0.2,0.2,0.025,0.3,0.025,-0.2,0.2,0.025,0,0,0,0,1,0,0,9.81,0,0,0,0,00,0.00,0
7.955483,0,0.4260596,-0.2719071,0.3666745,50.19,261.87,23.17999,0.02,0,0.2483612,-0.1868424,-0.2464563,318.19,17.82001,186.5,0.02,0.3,0.025,0.2,0,0,0,0.05,500,0.3,0.025,0.2,0.2,0.025,0.3,0.025,-0.2,0.2,0.025,0,0,0,0,1,0,0,9.81,0,0,0,0,00,0.00,0
7.966774,0,0.4251706,-0.2722373,0.3663443,50.05,261.8,23.33001,0.02,0,0.2483612,-0.1868424,-0.2464563,318.19,17.82001,186.5,0.02,0.3,0.025,0.2,0,0,0,0.05,500,0.3,0.025,0.2,0.2,0.025,0.3,0.025,-0.2,0.2,0.025,0,0,0,0,1,0,0,9.81,0,0,0,0,00,0.00,0
7.976494,0,0.4251706,-0.2722373,0.3663443,50.05,261.8,23.33001,0.02,0,0.2483612,-0.1868424,-0.2464563,318.19,17.82001,186.5,0.02,0.3,0.025,0.2,0,0,0,0.05,500,0.3,0.025,0.2,0.2,0.025,0.3,0.025,-0.2,0.2,0.025,0,0,0,0,1,0,0,9.81,0,0,0,0,00,0.00,0
7.987998,0,0.4250436,-0.2740406,0.3663443,49.92001,261.67,23.65999,0.02,0,0.2483612,-0.1868424,-0.2464563,318.19,17.82002,186.53,0.02,0.3,0.025,0.2,0,0,0,0.05,500,0.3,0.025,0.2,0.2,0.025,0.3,0.025,-0.2,0.2,0.025,0,0,0,0,1,0,0,9.81,0,0,0,0,00,0.00,0
7.998045,0,0.4250436,-0.2743708,0.3662173,49.99001,261.65,23.75001,0.02,0,0.2483612,-0.1868424,-0.2464563,318.19,17.82002,186.53,0.02,0.3,0.025,0.2,0,0,0,0.05,500,0.3,0.025,0.2,0.2,0.025,0.3,0.025,-0.2,0.2,0.025,0,0,0,0,1,0,0,9.81,0,0,0,0,00,0.00,0
8.00851,0,0.4250436,-0.2752599,0.365887,50.01,261.58,23.90999,0.02,0,0.2483612,-0.1868424,-0.2464563,318.19,17.82002,186.53,0.02,0.3,0.025,0.2,0,0,0,0.05,500,0.3,0.025,0.2,0.2,0.025,0.3,0.025,-0.2,0.2,0.025,0,0,0,0,1,0,0,9.81,0,0,0,0,00,0.00,0
8.01922,0,0.4253992,-0.2747011,0.365887,50.16001,261.67,23.88001,0.02,0,0.2483612,-0.1868424,-0.2464563,318.19,17.82002,186.53,0.02,0.3,0.025,0.2,0,0,0,0.05,500,0.3,0.025,0.2,0.2,0.025,0.3,0.025,-0.2,0.2,0.025,0,0,0,0,1,0,0,9.81,0,0,0,0,00,0.00,0
8.028567,0,0.4261612,-0.2743708,0.3652267,50.43,261.74,23.91,0.02,0,0.2483612,-0.1868424,-0.2464563,318.19,17.82002,186.53,0.02,0.3,0.025,0.2,0,0,0,0.05,500,0.3,0.025,0.2,0.2,0.025,0.3,0.025,-0.2,0.2,0.025,0,0,0,0,1,0,0,9.81,0,0,0,0,00,0.00,0
8.039543,0,0.426847,-0.2740406,0.3648964,50.65001,261.8,23.85999,0.02,0,0.2483612,-0.1868424,-0.2464563,318.19,17.82002,186.53,0.02,0.3,0.025,0.2,0,0,0,0.05,500,0.3,0.025,0.2,0.2,0.025,0.3,0.025,-0.2,0.2,0.025,0,0,0,0,1,0,0,9.81,0,0,0,0,00,0.00,0
8.050071,0,0.4272788,-0.273685,0.3647695,50.73001,261.87,23.83999,0.02,0,0.2483612,-0.1868424,-0.2464563,318.19,17.82001,186.5,0.02,0.3,0.025,0.2,0,0,0,0.05,500,0.3,0.025,0.2,0.2,0.025,0.3,0.025,-0.2,0.2,0.025,0,0,0,0,1,0,0,9.81,0,0,0,0,00,0.00,0
8.060293,0,0.4278376,-0.2734819,0.3645662,50.87,261.91,23.79999,0.02,0,0.2483612,-0.1868424,-0.2465833,318.19,17.82001,186.5,0.02,0.3,0.025,0.2,0,0,0,0.05,500,0.3,0.025,0.2,0.2,0.025,0.3,0.025,-0.2,0.2,0.025,0,0,0,0,1,0,0,9.81,0,0,0,0,00,0.00,0
8.070692,0,0.4281678,-0.2738121,0.3644392,50.89001,261.91,23.77,0.02,0,0.2483612,-0.1868424,-0.2465833,318.19,17.82001,186.5,0.02,0.3,0.025,0.2,0,0,0,0.05,500,0.3,0.025,0.2,0.2,0.025,0.3,0.025,-0.2,0.2,0.025,0,0,0,0,1,0,0,9.81,0,0,0,0,00,0.00,0
8.081959,0,0.4282948,-0.2740406,0.3645662,50.81999,261.91,23.73,0.02,0,0.2483612,-0.1867408,-0.2465833,318.19,17.82001,186.5,0.02,0.3,0.025,0.2,0,0,0,0.05,500,0.3,0.025,0.2,0.2,0.025,0.3,0.025,-0.2,0.2,0.025,0,0,0,0,1,0,0,9.81,0,0,0,0,00,0.00,0
8.09113,0,0.4287266,-0.2751582,0.3640075,50.78,261.8,23.75001,0.02,0,0.2483612,-0.1867408,-0.2465833,318.19,17.82001,186.5,0.02,0.3,0.025,0.2,0,0,0,0.05,500,0.3,0.025,0.2,0.2,0.025,0.3,0.025,-0.2,0.2,0.025,0,0,0,0,1,0,0,9.81,0,0,0,0,00,0.00,0
8.101851,0,0.4283964,-0.2764791,0.3637788,50.65001,261.63,23.77001,0.02,0,0.2483612,-0.1867408,-0.2465833,318.19,17.82001,186.5,0.02,0.3,0.025,0.2,0,0,0,0.05,500,0.3,0.025,0.2,0.2,0.025,0.3,0.025,-0.2,0.2,0.025,0,0,0,0,1,0,0,9.81,0,0,0,0,00,0.00,0
8.112565,0,0.427736,-0.2781555,0.3640075,50.30001,261.39,23.77,0.02,0,0.2483612,-0.1867408,-0.2464563,318.19,17.82001,186.5,0.02,0.3,0.025,0.2,0,0,0,0.05,500,0.3,0.025,0.2,0.2,0.025,0.3,0.025,-0.2,0.2,0.025,0,0,0,0,1,0,0,9.81,0,0,0,0,00,0.00,0
8.122046,0,0.427736,-0.2781555,0.3640075,50.30001,261.39,23.77,0.02,0,0.2483612,-0.1867408,-0.2464563,318.19,17.82001,186.5,0.02,0.3,0.025,0.2,0,0,0,0.05,500,0.3,0.025,0.2,0.2,0.025,0.3,0.025,-0.2,0.2,0.025,0,0,0,0,1,0,0,9.81,0,0,0,0,00,0.00,0
8.133525,0,0.4271772,-0.2800605,0.3635502,50.16001,261.17,23.88,0.02,0,0.2483612,-0.1867408,-0.2464563,318.19,17.82001,186.5,0.02,0.3,0.025,0.2,0,0,0,0.05,500,0.3,0.025,0.2,0.2,0.025,0.3,0.025,-0.2,0.2,0.025,0,0,0,0,1,0,0,9.81,0,0,0,0,00,0.00,0
8.143051,0,0.4271772,-0.2800605,0.3635502,50.16001,261.17,23.88,0.02,0,0.2483612,-0.1867408,-0.2464563,318.19,17.82001,186.5,0.02,0.3,0.025,0.2,0,0,0,0.05,500,0.3,0.025,0.2,0.2,0.025,0.3,0.025,-0.2,0.2,0.025,0,0,0,0,1,0,0,9.81,0,0,0,0,00,0.00,0
8.154145,0,0.4266184,-0.2800604,0.3641091,49.99001,261.19,23.87999,0.02,0,0.2483612,-0.1868424,-0.2464563,318.19,17.82001,186.5,0.02,0.3,0.025,0.2,0,0,0,0.05,500,0.3,0.025,0.2,0.2,0.025,0.3,0.025,-0.2,0.2,0.025,0,0,0,0,1,0,0,9.81,0,0,0,0,00,0.00,0
8.164464,0,0.4265168,-0.280162,0.3637788,50.03001,261.17,23.93,0.02,0,0.2483612,-0.1868424,-0.2464563,318.19,17.82001,186.5,0.02,0.3,0.025,0.2,0,0,0,0.05,500,0.3,0.025,0.2,0.2,0.025,0.3,0.025,-0.2,0.2,0.025,0,0,0,0,1,0,0,9.81,0,0,0,0,00,0.00,0
8.174279,0,0.4263898,-0.2800605,0.3638805,50.01,261.19,23.90999,0.02,0,0.2483612,-0.1868424,-0.2464563,318.19,17.82001,186.5,0.02,0.3,0.025,0.2,0,0,0,0.05,500,0.3,0.025,0.2,0.2,0.025,0.3,0.025,-0.2,0.2,0.025,0,0,0,0,1,0,0,9.81,0,0,0,0,00,0.00,0
8.185351,0,0.4263898,-0.2799335,0.3638805,50.01,261.19,23.90999,0.02,0,0.2483612,-0.1868424,-0.2464563,318.19,17.82001,186.5,0.02,0.3,0.025,0.2,0,0,0,0.05,500,0.3,0.025,0.2,0.2,0.025,0.3,0.025,-0.2,0.2,0.025,0,0,0,0,1,0,0,9.81,0,0,0,0,00,0.00,0
8.195245,0,0.4262882,-0.2799335,0.3637788,50.01,261.19,23.90999,0.02,0,0.2483612,-0.1868424,-0.2464563,318.19,17.82002,186.53,0.02,0.3,0.025,0.2,0,0,0,0.05,500,0.3,0.025,0.2,0.2,0.025,0.3,0.025,-0.2,0.2,0.025,0,0,0,0,1,0,0,9.81,0,0,0,0,00,0.00,0
8.206163,0,0.4261612,-0.2799335,0.3637788,50.01,261.19,23.93,0.02,0,0.2483612,-0.1868424,-0.2464563,318.19,17.82002,186.53,0.02,0.3,0.025,0.2,0,0,0,0.05,500,0.3,0.025,0.2,0.2,0.025,0.3,0.025,-0.2,0.2,0.025,0,0,0,0,1,0,0,9.81,0,0,0,0,00,0.00,0
8.216237,0,0.4260596,-0.2797302,0.3638805,49.99001,261.19,23.91,0.02,0,0.2483612,-0.1868424,-0.2464563,318.19,17.82002,186.53,0.02,0.3,0.025,0.2,0,0,0,0.05,500,0.3,0.025,0.2,0.2,0.025,0.3,0.025,-0.2,0.2,0.025,0,0,0,0,1,0,0,9.81,0,0,0,0,00,0.00,0
8.226955,0,0.425958,-0.2798318,0.3637788,49.97,261.17,23.92999,0.02,0,0.2483612,-0.1868424,-0.2464563,318.19,17.82002,186.53,0.02,0.3,0.025,0.2,0,0,0,0.05,500,0.3,0.025,0.2,0.2,0.025,0.3,0.025,-0.2,0.2,0.025,0,0,0,0,1,0,0,9.81,0,0,0,0,00,0.00,0
8.237262,0,0.4257294,-0.2799335,0.3638805,49.92001,261.17,23.93,0.02,0,0.2483612,-0.1868424,-0.2464563,318.19,17.82002,186.53,0.02,0.3,0.025,0.2,0,0,0,0.05,500,0.3,0.025,0.2,0.2,0.025,0.3,0.025,-0.2,0.2,0.025,0,0,0,0,1,0,0,9.81,0,0,0,0,00,0.00,0
8.246881,0,0.425831,-0.2799335,0.3640075,49.90001,261.17,23.93001,0.02,0,0.2483612,-0.1868424,-0.2464563,318.19,17.82002,186.53,0.02,0.3,0.025,0.2,0,0,0,0.05,500,0.3,0.025,0.2,0.2,0.025,0.3,0.025,-0.2,0.2,0.025,0,0,0,0,1,0,0,9.81,0,0,0,0,00,0.00,0
8.2573,0,0.425831,-0.2799335,0.3640075,49.91999,261.19,23.92999,0.02,0,0.2483612,-0.1868424,-0.2464563,318.19,17.82002,186.53,0.02,0.3,0.025,0.2,0,0,0,0.05,500,0.3,0.025,0.2,0.2,0.025,0.3,0.025,-0.2,0.2,0.025,0,0,0,0,1,0,0,9.81,0,0,0,0,00,0.00,0
8.268949,0,0.425831,-0.2798319,0.3641091,49.90001,261.21,23.93001,0.02,0,0.2483612,-0.1868424,-0.2464563,318.19,17.82002,186.53,0.02,0.3,0.025,0.2,0,0,0,0.05,500,0.3,0.025,0.2,0.2,0.025,0.3,0.025,-0.2,0.2,0.025,0,0,0,0,1,0,0,9.81,0,0,0,0,00,0.00,0
8.278373,0,0.425831,-0.2797302,0.3642106,49.92001,261.23,23.91001,0.02,0,0.2483612,-0.1868424,-0.2464563,318.19,17.82002,186.53,0.02,0.3,0.025,0.2,0,0,0,0.05,500,0.3,0.025,0.2,0.2,0.025,0.3,0.025,-0.2,0.2,0.025,0,0,0,0,1,0,0,9.81,0,0,0,0,00,0.00,0
8.28984,0,0.4257294,-0.2796033,0.3642106,49.90001,261.25,23.91,0.02,0,0.2483612,-0.1868424,-0.2464563,318.19,17.82002,186.53,0.02,0.3,0.025,0.2,0,0,0,0.05,500,0.3,0.025,0.2,0.2,0.025,0.3,0.025,-0.2,0.2,0.025,0,0,0,0,1,0,0,9.81,0,0,0,0,00,0.00,0
8.299986,0,0.4257294,-0.2796033,0.3642106,49.90001,261.25,23.91,0.02,0,0.2483612,-0.1868424,-0.2464563,318.19,17.82002,186.53,0.02,0.3,0.025,0.2,0,0,0,0.05,500,0.3,0.025,0.2,0.2,0.025,0.3,0.025,-0.2,0.2,0.025,0,0,0,0,1,0,0,9.81,0,0,0,0,00,0.00,0
8.310305,0,0.4257294,-0.2792731,0.3643377,49.94001,261.32,23.86,0.02,0,0.2483612,-0.1868424,-0.2464563,318.19,17.82002,186.53,0.02,0.3,0.025,0.2,0,0,0,0.05,500,0.3,0.025,0.2,0.2,0.025,0.3,0.025,-0.2,0.2,0.025,0,0,0,0,1,0,0,9.81,0,0,0,0,00,0.00,0
8.320945,0,0.4257294,-0.2794,0.3642106,49.91999,261.3,23.86,0.02,0,0.2483612,-0.1868424,-0.2464563,318.19,17.82002,186.53,0.02,0.3,0.025,0.2,0,0,0,0.05,500,0.3,0.025,0.2,0.2,0.025,0.3,0.025,-0.2,0.2,0.025,0,0,0,0,1,0,0,9.81,0,0,0,0,00,0.00,0
8.331044,0,0.4257294,-0.2792731,0.3642106,49.91999,261.3,23.86,0.02,0,0.2483612,-0.1868424,-0.2464563,318.19,17.82002,186.53,0.02,0.3,0.025,0.2,0,0,0,0.05,500,0.3,0.025,0.2,0.2,0.025,0.3,0.025,-0.2,0.2,0.025,0,0,0,0,1,0,0,9.81,0,0,0,0,00,0.00,0
8.341222,0,0.4260596,-0.2791715,0.3641091,49.99,261.32,23.85998,0.02,0,0.2483612,-0.1868424,-0.2464563,318.19,17.82001,186.5,0.02,0.3,0.025,0.2,0,0,0,0.05,500,0.3,0.025,0.2,0.2,0.025,0.3,0.025,-0.2,0.2,0.025,0,0,0,0,1,0,0,9.81,0,0,0,0,00,0.00,0
8.351726,0,0.4260596,-0.2792731,0.3641091,49.99,261.3,23.86001,0.02,0,0.2483612,-0.1868424,-0.2464563,318.19,17.82001,186.5,0.02,0.3,0.025,0.2,0,0,0,0.05,500,0.3,0.025,0.2,0.2,0.025,0.3,0.025,-0.2,0.2,0.025,0,0,0,0,1,0,0,9.81,0,0,0,0,00,0.00,0
8.362328,0,0.4262882,-0.2789429,0.3642106,50.01,261.34,23.84,0.02,0,0.2483612,-0.1868424,-0.2464563,318.19,17.82001,186.5,0.02,0.3,0.025,0.2,0,0,0,0.05,500,0.3,0.025,0.2,0.2,0.025,0.3,0.025,-0.2,0.2,0.025,0,0,0,0,1,0,0,9.81,0,0,0,0,00,0.00,0
8.372145,0,0.4266184,-0.2787142,0.3642106,50.08001,261.41,23.82,0.02,0,0.2483612,-0.1868424,-0.2464563,318.19,17.82001,186.5,0.02,0.3,0.025,0.2,0,0,0,0.05,500,0.3,0.025,0.2,0.2,0.025,0.3,0.025,-0.2,0.2,0.025,0,0,0,0,1,0,0,9.81,0,0,0,0,00,0.00,0
8.383529,0,0.42672,-0.2787142,0.3642106,50.1,261.41,23.84,0.02,0,0.2483612,-0.1868424,-0.2464563,318.19,17.82001,186.5,0.02,0.3,0.025,0.2,0,0,0,0.05,500,0.3,0.025,0.2,0.2,0.025,0.3,0.025,-0.2,0.2,0.025,0,0,0,0,1,0,0,9.81,0,0,0,0,00,0.00,0
8.393234,0,0.426847,-0.2786126,0.3641091,50.10001,261.43,23.84,0.02,0,0.2483612,-0.1868424,-0.2464563,318.19,17.82001,186.5,0.02,0.3,0.025,0.2,0,0,0,0.05,500,0.3,0.025,0.2,0.2,0.025,0.3,0.025,-0.2,0.2,0.025,0,0,0,0,1,0,0,9.81,0,0,0,0,00,0.00,0
8.403485,0,0.4271772,-0.278384,0.3640075,50.13999,261.45,23.83999,0.02,0,0.2483612,-0.1868424,-0.2464563,318.19,17.82001,186.5,0.02,0.3,0.025,0.2,0,0,0,0.05,500,0.3,0.025,0.2,0.2,0.025,0.3,0.025,-0.2,0.2,0.025,0,0,0,0,1,0,0,9.81,0,0,0,0,00,0.00,0
8.414625,0,0.4271772,-0.2790445,0.3632201,50.08002,261.34,23.93,0.02,0,0.2483612,-0.1868424,-0.2464563,318.19,17.82002,186.53,0.02,0.3,0.025,0.2,0,0,0,0.05,500,0.3,0.025,0.2,0.2,0.025,0.3,0.025,-0.2,0.2,0.025,0,0,0,0,1,0,0,9.81,0,0,0,0,00,0.00,0
8.424092,0,0.4269486,-0.2789429,0.3633217,50.01,261.34,23.91,0.02,0,0.2483612,-0.1868424,-0.2464563,318.19,17.82002,186.53,0.02,0.3,0.025,0.2,0,0,0,0.05,500,0.3,0.025,0.2,0.2,0.025,0.3,0.025,-0.2,0.2,0.025,0,0,0,0,1,0,0,9.81,0,0,0,0,00,0.00,0
8.435651,0,0.4269486,-0.2787143,0.3632201,49.91999,261.39,23.91,0.02,0,0.2483612,-0.1868424,-0.2464563,318.19,17.82002,186.53,0.02,0.3,0.025,0.2,0,0,0,0.05,500,0.3,0.025,0.2,0.2,0.025,0.3,0.025,-0.2,0.2,0.025,0,0,0,0,1,0,0,9.81,0,0,0,0,00,0.00,0
8.445528,0,0.4261612,-0.2788413,0.363093,49.77,261.36,23.93,0.02,0,0.2483612,-0.1868424,-0.2464563,318.19,17.82002,186.53,0.02,0.3,0.025,0.2,0,0,0,0.05,500,0.3,0.025,0.2,0.2,0.025,0.3,0.025,-0.2,0.2,0.025,0,0,0,0,1,0,0,9.81,0,0,0,0,00,0.00,0
8.45514,0,0.4261612,-0.2788413,0.363093,49.77,261.36,23.93,0.02,0,0.2483612,-0.1868424,-0.2464563,318.19,17.82002,186.53,0.02,0.3,0.025,0.2,0,0,0,0.05,500,0.3,0.025,0.2,0.2,0.025,0.3,0.025,-0.2,0.2,0.025,0,0,0,0,1,0,0,9.81,0,0,0,0,00,0.00,0
8.466359,0,0.4261612,-0.2782825,0.3637788,49.70002,261.56,23.91,0.02,0,0.2483612,-0.1868424,-0.2464563,318.19,17.82002,186.53,0.02,0.3,0.025,0.2,0,0,0,0.05,500,0.3,0.025,0.2,0.2,0.025,0.3,0.025,-0.2,0.2,0.025,0,0,0,0,1,0,0,9.81,0,0,0,0,00,0.00,0
8.475914,0,0.4265168,-0.2784857,0.3635502,49.75,261.56,23.95,0.02,0,0.2483612,-0.1868424,-0.2464563,318.19,17.82002,186.53,0.02,0.3,0.025,0.2,0,0,0,0.05,500,0.3,0.025,0.2,0.2,0.025,0.3,0.025,-0.2,0.2,0.025,0,0,0,0,1,0,0,9.81,0,0,0,0,00,0.00,0
8.487343,0,0.4266184,-0.2787142,0.3635502,49.77,261.54,24.02,0.02,0,0.2483612,-0.1868424,-0.2464563,318.19,17.82002,186.53,0.02,0.3,0.025,0.2,0,0,0,0.05,500,0.3,0.025,0.2,0.2,0.025,0.3,0.025,-0.2,0.2,0.025,0,0,0,0,1,0,0,9.81,0,0,0,0,00,0.00,0
8.497375,0,0.4269486,-0.2788412,0.3632201,49.81001,261.52,24.03999,0.02,0,0.2483612,-0.1868424,-0.2464563,318.19,17.82002,186.53,0.02,0.3,0.025,0.2,0,0,0,0.05,500,0.3,0.025,0.2,0.2,0.025,0.3,0.025,-0.2,0.2,0.025,0,0,0,0,1,0,0,9.81,0,0,0,0,00,0.00,0
8.50805,0,0.4275074,-0.2796033,0.3622041,49.92,261.39,24.20999,0.02,0,0.2483612,-0.1868424,-0.2464563,318.19,17.82002,186.53,0.02,0.3,0.025,0.2,0,0,0,0.05,500,0.3,0.025,0.2,0.2,0.025,0.3,0.025,-0.2,0.2,0.025,0,0,0,0,1,0,0,9.81,0,0,0,0,00,0.00,0
8.518342,0,0.4278376,-0.2797303,0.3615437,50.01,261.3,24.29999,0.02,0,0.2483612,-0.1868424,-0.2464563,318.19,17.82002,186.53,0.02,0.3,0.025,0.2,0,0,0,0.05,500,0.3,0.025,0.2,0.2,0.025,0.3,0.025,-0.2,0.2,0.025,0,0,0,0,1,0,0,9.81,0,0,0,0,00,0.00,0
8.527632,0,0.4278376,-0.2797303,0.3615437,50.01,261.3,24.29999,0.02,0,0.2483612,-0.1868424,-0.2464563,318.19,17.82002,186.53,0.02,0.3,0.025,0.2,0,0,0,0.05,500,0.3,0.025,0.2,0.2,0.025,0.3,0.025,-0.2,0.2,0.025,0,0,0,0,1,0,0,9.81,0,0,0,0,00,0.00,0
8.538992,0,0.4281678,-0.2804922,0.35941,50.25001,261.06,24.59,0.02,0,0.2483612,-0.1868424,-0.2464563,318.19,17.82002,186.53,0.02,0.3,0.025,0.2,0,0,0,0.05,500,0.3,0.025,0.2,0.2,0.025,0.3,0.025,-0.2,0.2,0.025,0,0,0,0,1,0,0,9.81,0,0,0,0,00,0.00,0
8.549569,0,0.4283964,-0.2804923,0.3588513,50.32001,261.04,24.63,0.02,0,0.2483612,-0.1868424,-0.2464563,318.19,17.82002,186.53,0.02,0.3,0.025,0.2,0,0,0,0.05,500,0.3,0.025,0.2,0.2,0.025,0.3,0.025,-0.2,0.2,0.025,0,0,0,0,1,0,0,9.81,0,0,0,0,00,0.00,0
8.559618,0,0.4287266,-0.2806193,0.3582925,50.43001,261.06,24.67999,0.02,0,0.2483612,-0.1868424,-0.2465833,318.19,17.82002,186.53,0.02,0.3,0.025,0.2,0,0,0,0.05,500,0.3,0.025,0.2,0.2,0.025,0.3,0.025,-0.2,0.2,0.025,0,0,0,0,1,0,0,9.81,0,0,0,0,00,0.00,0
8.570101,0,0.428625,-0.2804923,0.3584194,50.41,261.08,24.68,0.02,0,0.2483612,-0.1868424,-0.2465833,318.19,17.82002,186.53,0.02,0.3,0.025,0.2,0,0,0,0.05,500,0.3,0.025,0.2,0.2,0.025,0.3,0.025,-0.2,0.2,0.025,0,0,0,0,1,0,0,9.81,0,0,0,0,00,0.00,0
8.580839,0,0.428625,-0.280162,0.3587497,50.43,261.17,24.59,0.02,0,0.2483612,-0.1868424,-0.2465833,318.19,17.82002,186.53,0.02,0.3,0.025,0.2,0,0,0,0.05,500,0.3,0.025,0.2,0.2,0.025,0.3,0.025,-0.2,0.2,0.025,0,0,0,0,1,0,0,9.81,0,0,0,0,00,0.00,0
8.590765,0,0.428625,-0.2800605,0.3588513,50.43,261.19,24.56999,0.02,0,0.2483612,-0.1868424,-0.2465833,318.19,17.82002,186.53,0.02,0.3,0.025,0.2,0,0,0,0.05,500,0.3,0.025,0.2,0.2,0.025,0.3,0.025,-0.2,0.2,0.025,0,0,0,0,1,0,0,9.81,0,0,0,0,00,0.00,0
8.600768,0,0.4283964,-0.2799335,0.3590799,50.41001,261.21,24.51999,0.02,0,0.2483612,-0.1868424,-0.2465833,318.19,17.82002,186.53,0.02,0.3,0.025,0.2,0,0,0,0.05,500,0.3,0.025,0.2,0.2,0.025,0.3,0.025,-0.2,0.2,0.025,0,0,0,0,1,0,0,9.81,0,0,0,0,00,0.00,0
8.611365,0,0.4279646,-0.2796033,0.3596387,50.38001,261.28,24.43001,0.02,0,0.2483612,-0.1868424,-0.2465833,318.19,17.82002,186.53,0.02,0.3,0.025,0.2,0,0,0,0.05,500,0.3,0.025,0.2,0.2,0.025,0.3,0.025,-0.2,0.2,0.025,0,0,0,0,1,0,0,9.81,0,0,0,0,00,0.00,0
8.621174,0,0.4279646,-0.2796033,0.3596387,50.38001,261.28,24.43001,0.02,0,0.2483612,-0.1868424,-0.2465833,318.19,17.82002,186.53,0.02,0.3,0.025,0.2,0,0,0,0.05,500,0.3,0.025,0.2,0.2,0.025,0.3,0.025,-0.2,0.2,0.025,0,0,0,0,1,0,0,9.81,0,0,0,0,00,0.00,0
8.632622,0,0.4253992,-0.2790445,0.3610865,50.12001,261.34,24.21,0.02,0,0.2483612,-0.1868424,-0.2465833,318.19,17.82001,186.5,0.02,0.3,0.025,0.2,0,0,0,0.05,500,0.3,0.025,0.2,0.2,0.025,0.3,0.025,-0.2,0.2,0.025,0,0,0,0,1,0,0,9.81,0,0,0,0,00,0.00,0
8.642633,0,0.4246118,-0.2787142,0.3612134,50.09999,261.39,24.19,0.02,0,0.2483612,-0.1868424,-0.2465833,318.19,17.82001,186.5,0.02,0.3,0.025,0.2,0,0,0,0.05,500,0.3,0.025,0.2,0.2,0.025,0.3,0.025,-0.2,0.2,0.025,0,0,0,0,1,0,0,9.81,0,0,0,0,00,0.00,0
8.65328,0,0.4246118,-0.2788413,0.3606547,50.21,261.39,24.28,0.02,0,0.2483612,-0.1868424,-0.2465833,318.19,17.82001,186.5,0.02,0.3,0.025,0.2,0,0,0,0.05,500,0.3,0.025,0.2,0.2,0.025,0.3,0.025,-0.2,0.2,0.025,0,0,0,0,1,0,0,9.81,0,0,0,0,00,0.00,0
8.663432,0,0.4247134,-0.2799335,0.35941,50.23001,261.17,24.52,0.02,0,0.2483612,-0.1868424,-0.2465833,318.19,17.82001,186.5,0.02,0.3,0.025,0.2,0,0,0,0.05,500,0.3,0.025,0.2,0.2,0.025,0.3,0.025,-0.2,0.2,0.025,0,0,0,0,1,0,0,9.81,0,0,0,0,00,0.00,0
8.674155,0,0.4250436,-0.2799335,0.3589783,50.27001,261.17,24.56999,0.02,0,0.2483612,-0.1868424,-0.2465833,318.19,17.82001,186.5,0.02,0.3,0.025,0.2,0,0,0,0.05,500,0.3,0.025,0.2,0.2,0.025,0.3,0.025,-0.2,0.2,0.025,0,0,0,0,1,0,0,9.81,0,0,0,0,00,0.00,0
8.684011,0,0.4256024,-0.2803907,0.3580892,50.38001,261.1,24.65,0.02,0,0.2483612,-0.1868424,-0.2465833,318.19,17.82001,186.5,0.02,0.3,0.025,0.2,0,0,0,0.05,500,0.3,0.025,0.2,0.2,0.025,0.3,0.025,-0.2,0.2,0.025,0,0,0,0,1,0,0,9.81,0,0,0,0,00,0.00,0
8.694816,0,0.4257294,-0.2807209,0.3577336,50.38,261.04,24.70001,0.02,0,0.2483612,-0.1868424,-0.2465833,318.19,17.82001,186.5,0.02,0.3,0.025,0.2,0,0,0,0.05,500,0.3,0.025,0.2,0.2,0.025,0.3,0.025,-0.2,0.2,0.025,0,0,0,0,1,0,0,9.81,0,0,0,0,00,0.00,0
8.704931,0,0.425958,-0.2809494,0.3575305,50.38,260.99,24.72,0.02,0,0.2483612,-0.1868424,-0.2465833,318.19,17.82001,186.5,0.02,0.3,0.025,0.2,0,0,0,0.05,500,0.3,0.025,0.2,0.2,0.025,0.3,0.025,-0.2,0.2,0.025,0,0,0,0,1,0,0,9.81,0,0,0,0,00,0.00,0
8.716076,0,0.4262882,-0.2809494,0.3573019,50.45001,260.99,24.7,0.02,0,0.2483612,-0.1868424,-0.2465833,318.19,17.82001,186.5,0.02,0.3,0.025,0.2,0,0,0,0.05,500,0.3,0.025,0.2,0.2,0.025,0.3,0.025,-0.2,0.2,0.025,0,0,0,0,1,0,0,9.81,0,0,0,0,00,0.00,0
8.725599,0,0.4262882,-0.2812797,0.3573019,50.43,260.9,24.65001,0.02,0,0.2483612,-0.1868424,-0.2465833,318.19,17.82001,186.5,0.02,0.3,0.025,0.2,0,0,0,0.05,500,0.3,0.025,0.2,0.2,0.025,0.3,0.025,-0.2,0.2,0.025,0,0,0,0,1,0,0,9.81,0,0,0,0,00,0.00,0
8.735843,0,0.4263898,-0.2811781,0.357632,50.38,260.9,24.57,0.02,0,0.2483612,-0.1868424,-0.2465833,318.19,17.82001,186.5,0.02,0.3,0.025,0.2,0,0,0,0.05,500,0.3,0.025,0.2,0.2,0.025,0.3,0.025,-0.2,0.2,0.025,0,0,0,0,1,0,0,9.81,0,0,0,0,00,0.00,0
8.746977,0,0.4266184,-0.2811781,0.3578607,50.38001,260.9,24.5,0.02,0,0.2483612,-0.1868424,-0.2465833,318.19,17.82001,186.5,0.02,0.3,0.025,0.2,0,0,0,0.05,500,0.3,0.025,0.2,0.2,0.025,0.3,0.025,-0.2,0.2,0.025,0,0,0,0,1,0,0,9.81,0,0,0,0,00,0.00,0
8.755995,0,0.4265168,-0.2812797,0.3579623,50.36001,260.82,24.50001,0.02,0,0.2483612,-0.1868424,-0.2465833,318.19,17.82001,186.5,0.02,0.3,0.025,0.2,0,0,0,0.05,500,0.3,0.025,0.2,0.2,0.025,0.3,0.025,-0.2,0.2,0.025,0,0,0,0,1,0,0,9.81,0,0,0,0,00,0.00,0
8.767193,0,0.4263898,-0.2815083,0.3581909,50.27,260.77,24.49999,0.02,0,0.2483612,-0.1868424,-0.2465833,318.19,17.82001,186.5,0.02,0.3,0.025,0.2,0,0,0,0.05,500,0.3,0.025,0.2,0.2,0.025,0.3,0.025,-0.2,0.2,0.025,0,0,0,0,1,0,0,9.81,0,0,0,0,00,0.00,0
8.777484,0,0.4263898,-0.2815083,0.3581909,50.27,260.77,24.49999,0.02,0,0.2483612,-0.1868424,-0.2465833,318.19,17.82001,186.5,0.02,0.3,0.025,0.2,0,0,0,0.05,500,0.3,0.025,0.2,0.2,0.025,0.3,0.025,-0.2,0.2,0.025,0,0,0,0,1,0,0,9.81,0,0,0,0,00,0.00,0
8.788052,0,0.4256024,-0.2812797,0.358521,50.14,260.77,24.48,0.02,0,0.2483612,-0.1868424,-0.2465833,318.19,17.82001,186.5,0.02,0.3,0.025,0.2,0,0,0,0.05,500,0.3,0.025,0.2,0.2,0.025,0.3,0.025,-0.2,0.2,0.025,0,0,0,0,1,0,0,9.81,0,0,0,0,00,0.00,0
8.799464,0,0.4251706,-0.281051,0.3589783,50.07999,260.82,24.43,0.02,0,0.2483612,-0.1868424,-0.2465833,318.19,17.82001,186.5,0.02,0.3,0.025,0.2,0,0,0,0.05,500,0.3,0.025,0.2,0.2,0.025,0.3,0.025,-0.2,0.2,0.025,0,0,0,0,1,0,0,9.81,0,0,0,0,00,0.00,0
8.808894,0,0.4241546,-0.2808479,0.3596387,49.97001,260.84,24.34999,0.02,0,0.2483612,-0.1868424,-0.2465833,318.19,17.82001,186.5,0.02,0.3,0.025,0.2,0,0,0,0.05,500,0.3,0.025,0.2,0.2,0.025,0.3,0.025,-0.2,0.2,0.025,0,0,0,0,1,0,0,9.81,0,0,0,0,00,0.00,0
8.820057,0,0.4228084,-0.2803906,0.3609849,49.75,260.93,24.19,0.02,0,0.2483612,-0.1868424,-0.2465833,318.19,17.82001,186.5,0.02,0.3,0.025,0.2,0,0,0,0.05,500,0.3,0.025,0.2,0.2,0.025,0.3,0.025,-0.2,0.2,0.025,0,0,0,0,1,0,0,9.81,0,0,0,0,00,0.00,0
8.82971,0,0.4220464,-0.2791715,0.3622041,49.72,261.17,23.97,0.02,0,0.2483612,-0.1868424,-0.2465833,318.19,17.82001,186.5,0.02,0.3,0.025,0.2,0,0,0,0.05,500,0.3,0.025,0.2,0.2,0.025,0.3,0.025,-0.2,0.2,0.025,0,0,0,0,1,0,0,9.81,0,0,0,0,00,0.00,0
8.840631,0,0.4218178,-0.2789429,0.3626612,49.77001,261.21,23.91,0.02,0,0.2483612,-0.1868424,-0.2465833,318.19,17.82001,186.5,0.02,0.3,0.025,0.2,0,0,0,0.05,500,0.3,0.025,0.2,0.2,0.025,0.3,0.025,-0.2,0.2,0.025,0,0,0,0,1,0,0,9.81,0,0,0,0,00,0.00,0
8.85104,0,0.4217162,-0.2786127,0.3629915,49.75001,261.3,23.84,0.02,0,0.2483612,-0.1868424,-0.2465833,318.19,17.82001,186.5,0.02,0.3,0.025,0.2,0,0,0,0.05,500,0.3,0.025,0.2,0.2,0.025,0.3,0.025,-0.2,0.2,0.025,0,0,0,0,1,0,0,9.81,0,0,0,0,00,0.00,0
8.860365,0,0.4220464,-0.2773681,0.3634486,49.88001,261.54,23.71,0.02,0,0.2483612,-0.1868424,-0.2465833,318.19,17.82001,186.5,0.02,0.3,0.025,0.2,0,0,0,0.05,500,0.3,0.025,0.2,0.2,0.025,0.3,0.025,-0.2,0.2,0.025,0,0,0,0,1,0,0,9.81,0,0,0,0,00,0.00,0
8.872081,0,0.4223766,-0.2770378,0.3632201,49.99001,261.61,23.71,0.02,0,0.2483612,-0.1868424,-0.2465833,318.19,17.82001,186.5,0.02,0.3,0.025,0.2,0,0,0,0.05,500,0.3,0.025,0.2,0.2,0.025,0.3,0.025,-0.2,0.2,0.025,0,0,0,0,1,0,0,9.81,0,0,0,0,00,0.00,0
8.881785,0,0.4226052,-0.2768092,0.363093,50.03,261.65,23.73,0.02,0,0.2483612,-0.1867408,-0.2465833,318.19,17.82001,186.5,0.02,0.3,0.025,0.2,0,0,0,0.05,500,0.3,0.025,0.2,0.2,0.025,0.3,0.025,-0.2,0.2,0.025,0,0,0,0,1,0,0,9.81,0,0,0,0,00,0.00,0
8.892975,0,0.4229354,-0.2766061,0.363093,50.07999,261.72,23.75,0.02,0,0.2483612,-0.1867408,-0.2465833,318.19,17.82001,186.5,0.02,0.3,0.025,0.2,0,0,0,0.05,500,0.3,0.025,0.2,0.2,0.025,0.3,0.025,-0.2,0.2,0.025,0,0,0,0,1,0,0,9.81,0,0,0,0,00,0.00,0
8.902766,0,0.4232656,-0.2764791,0.3628899,50.12,261.74,23.8,0.02,0,0.2483612,-0.1867408,-0.2465833,318.19,17.82001,186.5,0.02,0.3,0.025,0.2,0,0,0,0.05,500,0.3,0.025,0.2,0.2,0.025,0.3,0.025,-0.2,0.2,0.025,0,0,0,0,1,0,0,9.81,0,0,0,0,00,0.00,0
8.912397,0,0.4233672,-0.2768092,0.3628899,50.10001,261.69,23.86,0.02,0,0.2483612,-0.1867408,-0.2465833,318.19,17.82001,186.5,0.02,0.3,0.025,0.2,0,0,0,0.05,500,0.3,0.025,0.2,0.2,0.025,0.3,0.025,-0.2,0.2,0.025,0,0,0,0,1,0,0,9.81,0,0,0,0,00,0.00,0
8.922976,0,0.4233672,-0.2768092,0.3628899,50.08001,261.69,23.88,0.02,0,0.2483612,-0.1867408,-0.2465833,318.19,17.82001,186.5,0.02,0.3,0.025,0.2,0,0,0,0.05,500,0.3,0.025,0.2,0.2,0.025,0.3,0.025,-0.2,0.2,0.025,0,0,0,0,1,0,0,9.81,0,0,0,0,00,0.00,0
8.93394,0,0.4233672,-0.2770378,0.3628899,50.03001,261.67,23.93,0.02,0,0.2483612,-0.1867408,-0.2465833,318.19,17.82001,186.5,0.02,0.3,0.025,0.2,0,0,0,0.05,500,0.3,0.025,0.2,0.2,0.025,0.3,0.025,-0.2,0.2,0.025,0,0,0,0,1,0,0,9.81,0,0,0,0,00,0.00,0
8.944196,0,0.4233672,-0.2770378,0.3628899,50.03001,261.67,23.93,0.02,0,0.2483612,-0.1867408,-0.2465833,318.19,17.82001,186.5,0.02,0.3,0.025,0.2,0,0,0,0.05,500,0.3,0.025,0.2,0.2,0.025,0.3,0.025,-0.2,0.2,0.025,0,0,0,0,1,0,0,9.81,0,0,0,0,00,0.00,0
8.954705,0,0.4228084,-0.2777236,0.3632201,49.88001,261.61,23.97,0.02,0,0.2483612,-0.1867408,-0.2465833,318.19,17.82001,186.5,0.02,0.3,0.025,0.2,0,0,0,0.05,500,0.3,0.025,0.2,0.2,0.025,0.3,0.025,-0.2,0.2,0.025,0,0,0,0,1,0,0,9.81,0,0,0,0,00,0.00,0
8.965507,0,0.422148,-0.2781555,0.3633217,49.77,261.54,23.97001,0.02,0,0.2483612,-0.1867408,-0.2465833,318.19,17.82001,186.5,0.02,0.3,0.025,0.2,0,0,0,0.05,500,0.3,0.025,0.2,0.2,0.025,0.3,0.025,-0.2,0.2,0.025,0,0,0,0,1,0,0,9.81,0,0,0,0,00,0.00,0
8.975273,0,0.4218178,-0.278384,0.3633217,49.72001,261.47,23.95,0.02,0,0.2483612,-0.1867408,-0.2465833,318.19,17.82001,186.5,0.02,0.3,0.025,0.2,0,0,0,0.05,500,0.3,0.025,0.2,0.2,0.025,0.3,0.025,-0.2,0.2,0.025,0,0,0,0,1,0,0,9.81,0,0,0,0,00,0.00,0
8.986835,0,0.421259,-0.2782825,0.3635502,49.64,261.5,23.88,0.02,0,0.2483612,-0.1867408,-0.2465833,318.19,17.82001,186.5,0.02,0.3,0.025,0.2,0,0,0,0.05,500,0.3,0.025,0.2,0.2,0.025,0.3,0.025,-0.2,0.2,0.025,0,0,0,0,1,0,0,9.81,0,0,0,0,00,0.00,0
8.996855,0,0.421259,-0.2782825,0.3635502,49.61001,261.47,23.84,0.02,0,0.2483612,-0.1868424,-0.2465833,318.19,17.82001,186.5,0.02,0.3,0.025,0.2,0,0,0,0.05,500,0.3,0.025,0.2,0.2,0.025,0.3,0.025,-0.2,0.2,0.025,0,0,0,0,1,0,0,9.81,0,0,0,0,00,0.00,0
9.006063,0,0.4211574,-0.2783841,0.3635502,49.59001,261.45,23.81999,0.02,0,0.2483612,-0.1868424,-0.2465833,318.19,17.82001,186.5,0.02,0.3,0.025,0.2,0,0,0,0.05,500,0.3,0.025,0.2,0.2,0.025,0.3,0.025,-0.2,0.2,0.025,0,0,0,0,1,0,0,9.81,0,0,0,0,00,0.00,0
9.017209,0,0.4213606,-0.278384,0.3636519,49.56999,261.47,23.77,0.02,0,0.2483612,-0.1868424,-0.2465833,318.19,17.82001,186.5,0.02,0.3,0.025,0.2,0,0,0,0.05,500,0.3,0.025,0.2,0.2,0.025,0.3,0.025,-0.2,0.2,0.025,0,0,0,0,1,0,0,9.81,0,0,0,0,00,0.00,0
9.027133,0,0.4215892,-0.2784857,0.3636519,49.57001,261.47,23.8,0.02,0,0.2483612,-0.1868424,-0.2465833,318.19,17.82001,186.5,0.02,0.3,0.025,0.2,0,0,0,0.05,500,0.3,0.025,0.2,0.2,0.025,0.3,0.025,-0.2,0.2,0.025,0,0,0,0,1,0,0,9.81,0,0,0,0,00,0.00,0
9.038391,0,0.4220464,-0.2788413,0.3636519,49.60999,261.45,23.81999,0.02,0,0.2483612,-0.1868424,-0.2465833,318.19,17.82001,186.5,0.02,0.3,0.025,0.2,0,0,0,0.05,500,0.3,0.025,0.2,0.2,0.025,0.3,0.025,-0.2,0.2,0.025,0,0,0,0,1,0,0,9.81,0,0,0,0,00,0.00,0
9.048267,0,0.422148,-0.2787142,0.3638805,49.60999,261.5,23.8,0.02,0,0.2483612,-0.1868424,-0.2465833,318.19,17.82001,186.5,0.02,0.3,0.025,0.2,0,0,0,0.05,500,0.3,0.025,0.2,0.2,0.025,0.3,0.025,-0.2,0.2,0.025,0,0,0,0,1,0,0,9.81,0,0,0,0,00,0.00,0
9.058857,0,0.4220464,-0.2784857,0.3640075,49.64001,261.54,23.8,0.02,0,0.2483612,-0.1868424,-0.2465833,318.19,17.82001,186.5,0.02,0.3,0.025,0.2,0,0,0,0.05,500,0.3,0.025,0.2,0.2,0.025,0.3,0.025,-0.2,0.2,0.025,0,0,0,0,1,0,0,9.81,0,0,0,0,00,0.00,0
9.069046,0,0.4220464,-0.2782824,0.3642106,49.64,261.58,23.77,0.02,0,0.2483612,-0.1868424,-0.2465833,318.19,17.82001,186.5,0.02,0.3,0.025,0.2,0,0,0,0.05,500,0.3,0.025,0.2,0.2,0.025,0.3,0.025,-0.2,0.2,0.025,0,0,0,0,1,0,0,9.81,0,0,0,0,00,0.00,0
9.078728,0,0.4215892,-0.2768092,0.3653283,49.68,261.87,23.62,0.02,0,0.2483612,-0.1868424,-0.2465833,318.19,17.82001,186.5,0.02,0.3,0.025,0.2,0,0,0,0.05,500,0.3,0.025,0.2,0.2,0.025,0.3,0.025,-0.2,0.2,0.025,0,0,0,0,1,0,0,9.81,0,0,0,0,00,0.00,0
9.089979,0,0.4211574,-0.2751583,0.3664459,49.77,262.18,23.44,0.02,0,0.2483612,-0.1868424,-0.2465833,318.19,17.82001,186.5,0.02,0.3,0.025,0.2,0,0,0,0.05,500,0.3,0.025,0.2,0.2,0.025,0.3,0.025,-0.2,0.2,0.025,0,0,0,0,1,0,0,9.81,0,0,0,0,00,0.00,0
9.10013,0,0.4205986,-0.2732533,0.3678937,49.79,262.53,23.24999,0.02,0,0.2483612,-0.1868424,-0.2465833,318.19,17.82001,186.5,0.02,0.3,0.025,0.2,0,0,0,0.05,500,0.3,0.025,0.2,0.2,0.025,0.3,0.025,-0.2,0.2,0.025,0,0,0,0,1,0,0,9.81,0,0,0,0,00,0.00,0
9.110787,0,0.4205986,-0.2732533,0.3678937,49.79,262.53,23.24999,0.02,0,0.2483612,-0.1868424,-0.2465833,318.19,17.82001,186.5,0.02,0.3,0.025,0.2,0,0,0,0.05,500,0.3,0.025,0.2,0.2,0.025,0.3,0.025,-0.2,0.2,0.025,0,0,0,0,1,0,0,9.81,0,0,0,0,00,0.00,0
9.121026,0,0.4200398,-0.2710181,0.36957,49.86,263.06,23.01,0.02,0,0.2483612,-0.1868424,-0.2465833,318.19,17.82002,186.53,0.02,0.3,0.025,0.2,0,0,0,0.05,500,0.3,0.025,0.2,0.2,0.025,0.3,0.025,-0.2,0.2,0.025,0,0,0,0,1,0,0,9.81,0,0,0,0,00,0.00,0
9.132083,0,0.4201414,-0.2715769,0.3692398,49.86001,263.01,23.09,0.02,0,0.2483612,-0.1868424,-0.2465833,318.19,17.82002,186.53,0.02,0.3,0.025,0.2,0,0,0,0.05,500,0.3,0.025,0.2,0.2,0.025,0.3,0.025,-0.2,0.2,0.025,0,0,0,0,1,0,0,9.81,0,0,0,0,00,0.00,0
9.141524,0,0.42037,-0.2718055,0.3689097,49.86,262.99,23.13999,0.02,0,0.2483612,-0.1868424,-0.2465833,318.19,17.82002,186.53,0.02,0.3,0.025,0.2,0,0,0,0.05,500,0.3,0.025,0.2,0.2,0.025,0.3,0.025,-0.2,0.2,0.025,0,0,0,0,1,0,0,9.81,0,0,0,0,00,0.00,0
9.152017,0,0.4205986,-0.2722372,0.3683509,49.88,262.95,23.2,0.02,0,0.2483612,-0.1868424,-0.2465833,318.19,17.82002,186.53,0.02,0.3,0.025,0.2,0,0,0,0.05,500,0.3,0.025,0.2,0.2,0.025,0.3,0.025,-0.2,0.2,0.025,0,0,0,0,1,0,0,9.81,0,0,0,0,00,0.00,0
9.162604,0,0.4209288,-0.2727961,0.367792,49.92,262.86,23.26999,0.02,0,0.2483612,-0.1868424,-0.2465833,318.19,17.82002,186.53,0.02,0.3,0.025,0.2,0,0,0,0.05,500,0.3,0.025,0.2,0.2,0.025,0.3,0.025,-0.2,0.2,0.025,0,0,0,0,1,0,0,9.81,0,0,0,0,00,0.00,0
9.172525,0,0.421259,-0.2730246,0.3673348,49.97001,262.81,23.31001,0.02,0,0.2483612,-0.1868424,-0.2465833,318.19,17.82002,186.53,0.02,0.3,0.025,0.2,0,0,0,0.05,500,0.3,0.025,0.2,0.2,0.025,0.3,0.025,-0.2,0.2,0.025,0,0,0,0,1,0,0,9.81,0,0,0,0,00,0.00,0
9.184133,0,0.4223766,-0.2743708,0.3655569,50.09999,262.57,23.51001,0.02,0,0.2483612,-0.1868424,-0.2465833,318.19,17.82001,186.5,0.02,0.3,0.025,0.2,0,0,0,0.05,500,0.3,0.025,0.2,0.2,0.025,0.3,0.025,-0.2,0.2,0.025,0,0,0,0,1,0,0,9.81,0,0,0,0,00,0.00,0
9.193724,0,0.4238244,-0.2753615,0.3640075,50.23001,262.4,23.69001,0.02,0,0.2483612,-0.1868424,-0.2465833,318.19,17.82001,186.5,0.02,0.3,0.025,0.2,0,0,0,0.05,500,0.3,0.025,0.2,0.2,0.025,0.3,0.025,-0.2,0.2,0.025,0,0,0,0,1,0,0,9.81,0,0,0,0,00,0.00,0
9.204709,0,0.4250436,-0.2756917,0.3629915,50.34,262.31,23.80001,0.02,0,0.2483612,-0.1868424,-0.2465833,318.19,17.82001,186.5,0.02,0.3,0.025,0.2,0,0,0,0.05,500,0.3,0.025,0.2,0.2,0.025,0.3,0.025,-0.2,0.2,0.025,0,0,0,0,1,0,0,9.81,0,0,0,0,00,0.00,0
9.214889,0,0.4248404,-0.2767077,0.3619755,50.32001,262.07,23.84001,0.02,0,0.2483612,-0.1868424,-0.2465833,318.19,17.82001,186.5,0.02,0.3,0.025,0.2,0,0,0,0.05,500,0.3,0.025,0.2,0.2,0.025,0.3,0.025,-0.2,0.2,0.025,0,0,0,0,1,0,0,9.81,0,0,0,0,00,0.00,0
9.224406,0,0.4243832,-0.2767076,0.3624327,50.21,262.05,23.79998,0.02,0,0.2483612,-0.1868424,-0.2465833,318.19,17.82001,186.5,0.02,0.3,0.025,0.2,0,0,0,0.05,500,0.3,0.025,0.2,0.2,0.025,0.3,0.025,-0.2,0.2,0.025,0,0,0,0,1,0,0,9.81,0,0,0,0,00,0.00,0
9.235804,0,0.4234942,-0.2761488,0.3634486,50.08,262.11,23.66001,0.02,0,0.2483612,-0.1868424,-0.2465833,318.19,17.82001,186.5,0.02,0.3,0.025,0.2,0,0,0,0.05,500,0.3,0.025,0.2,0.2,0.025,0.3,0.025,-0.2,0.2,0.025,0,0,0,0,1,0,0,9.81,0,0,0,0,00,0.00,0
9.245745,0,0.423037,-0.2760473,0.3637788,50.01,262.13,23.62,0.02,0,0.2483612,-0.1868424,-0.2465833,318.19,17.82001,186.5,0.02,0.3,0.025,0.2,0,0,0,0.05,500,0.3,0.025,0.2,0.2,0.025,0.3,0.025,-0.2,0.2,0.025,0,0,0,0,1,0,0,9.81,0,0,0,0,00,0.00,0
9.256335,0,0.4227068,-0.2760473,0.3640075,49.97001,262.13,23.6,0.02,0,0.2483612,-0.1868424,-0.2465833,318.19,17.82001,186.5,0.02,0.3,0.025,0.2,0,0,0,0.05,500,0.3,0.025,0.2,0.2,0.025,0.3,0.025,-0.2,0.2,0.025,0,0,0,0,1,0,0,9.81,0,0,0,0,00,0.00,0
9.266765,0,0.4218178,-0.2755901,0.3648964,49.86001,262.2,23.51,0.02,0,0.2483612,-0.1868424,-0.2465833,318.19,17.82002,186.53,0.02,0.3,0.025,0.2,0,0,0,0.05,500,0.3,0.025,0.2,0.2,0.025,0.3,0.025,-0.2,0.2,0.025,0,0,0,0,1,0,0,9.81,0,0,0,0,00,0.00,0
9.277326,0,0.4218178,-0.2755901,0.3648964,49.86001,262.2,23.51,0.02,0,0.2483612,-0.1868424,-0.2465833,318.19,17.82002,186.53,0.02,0.3,0.025,0.2,0,0,0,0.05,500,0.3,0.025,0.2,0.2,0.025,0.3,0.025,-0.2,0.2,0.025,0,0,0,0,1,0,0,9.81,0,0,0,0,00,0.00,0
9.287699,0,0.419481,-0.2752599,0.3670047,49.61,262.27,23.29,0.02,0,0.2483612,-0.1868424,-0.2465833,318.19,17.82002,186.53,0.02,0.3,0.025,0.2,0,0,0,0.05,500,0.3,0.025,0.2,0.2,0.025,0.3,0.025,-0.2,0.2,0.025,0,0,0,0,1,0,0,9.81,0,0,0,0,00,0.00,0
9.297694,0,0.4198112,-0.2748027,0.3670047,49.67999,262.35,23.27001,0.02,0,0.2483612,-0.1868424,-0.2465833,318.19,17.82002,186.53,0.02,0.3,0.025,0.2,0,0,0,0.05,500,0.3,0.025,0.2,0.2,0.025,0.3,0.025,-0.2,0.2,0.025,0,0,0,0,1,0,0,9.81,0,0,0,0,00,0.00,0
9.308206,0,0.4205986,-0.2750313,0.3664459,49.86001,262.38,23.36001,0.02,0,0.2483612,-0.1868424,-0.2465833,318.19,17.82001,186.5,0.02,0.3,0.025,0.2,0,0,0,0.05,500,0.3,0.025,0.2,0.2,0.025,0.3,0.025,-0.2,0.2,0.025,0,0,0,0,1,0,0,9.81,0,0,0,0,00,0.00,0
9.318832,0,0.4209288,-0.2750313,0.3663443,49.9,262.4,23.4,0.02,0,0.2483612,-0.1868424,-0.2465833,318.19,17.82001,186.5,0.02,0.3,0.025,0.2,0,0,0,0.05,500,0.3,0.025,0.2,0.2,0.025,0.3,0.025,-0.2,0.2,0.025,0,0,0,0,1,0,0,9.81,0,0,0,0,00,0.00,0
9.329104,0,0.421259,-0.2750313,0.3661156,49.91999,262.42,23.41999,0.02,0,0.2483612,-0.1868424,-0.2465833,318.19,17.82001,186.5,0.02,0.3,0.025,0.2,0,0,0,0.05,500,0.3,0.025,0.2,0.2,0.025,0.3,0.025,-0.2,0.2,0.025,0,0,0,0,1,0,0,9.81,0,0,0,0,00,0.00,0
9.339114,0,0.421259,-0.2750313,0.3661156,49.94001,262.42,23.44,0.02,0,0.2483612,-0.1868424,-0.2465833,318.19,17.82001,186.5,0.02,0.3,0.025,0.2,0,0,0,0.05,500,0.3,0.025,0.2,0.2,0.025,0.3,0.025,-0.2,0.2,0.025,0,0,0,0,1,0,0,9.81,0,0,0,0,00,0.00,0
9.349779,0,0.4214876,-0.2750313,0.3661156,49.92001,262.44,23.46999,0.02,0,0.2483612,-0.1868424,-0.2465833,318.19,17.82001,186.5,0.02,0.3,0.025,0.2,0,0,0,0.05,500,0.3,0.025,0.2,0.2,0.025,0.3,0.025,-0.2,0.2,0.025,0,0,0,0,1,0,0,9.81,0,0,0,0,00,0.00,0
9.360093,0,0.4214876,-0.2745994,0.3663443,49.92,262.53,23.46999,0.02,0,0.2483612,-0.1868424,-0.2465833,318.19,17.82001,186.5,0.02,0.3,0.025,0.2,0,0,0,0.05,500,0.3,0.025,0.2,0.2,0.025,0.3,0.025,-0.2,0.2,0.025,0,0,0,0,1,0,0,9.81,0,0,0,0,00,0.00,0
9.370518,0,0.4213606,-0.2745995,0.3664459,49.90001,262.55,23.46999,0.02,0,0.2483612,-0.1868424,-0.2465833,318.19,17.82001,186.5,0.02,0.3,0.025,0.2,0,0,0,0.05,500,0.3,0.025,0.2,0.2,0.025,0.3,0.025,-0.2,0.2,0.025,0,0,0,0,1,0,0,9.81,0,0,0,0,00,0.00,0
9.381507,0,0.4211574,-0.2740406,0.366776,49.83001,262.64,23.42,0.02,0,0.2483612,-0.1868424,-0.2465833,318.19,17.82001,186.5,0.02,0.3,0.025,0.2,0,0,0,0.05,500,0.3,0.025,0.2,0.2,0.025,0.3,0.025,-0.2,0.2,0.025,0,0,0,0,1,0,0,9.81,0,0,0,0,00,0.00,0
9.391226,0,0.4210304,-0.2736851,0.366903,49.83001,262.71,23.42,0.02,0,0.2483612,-0.1868424,-0.2464563,318.19,17.82001,186.5,0.02,0.3,0.025,0.2,0,0,0,0.05,500,0.3,0.025,0.2,0.2,0.025,0.3,0.025,-0.2,0.2,0.025,0,0,0,0,1,0,0,9.81,0,0,0,0,00,0.00,0
9.402897,0,0.4208018,-0.2734819,0.366903,49.86,262.73,23.39999,0.02,0,0.2483612,-0.1868424,-0.2464563,318.19,17.82001,186.5,0.02,0.3,0.025,0.2,0,0,0,0.05,500,0.3,0.025,0.2,0.2,0.025,0.3,0.025,-0.2,0.2,0.025,0,0,0,0,1,0,0,9.81,0,0,0,0,00,0.00,0
9.412251,0,0.4209288,-0.2735834,0.366903,49.86,262.71,23.4,0.02,0,0.2483612,-0.1868424,-0.2465833,318.19,17.82001,186.5,0.02,0.3,0.025,0.2,0,0,0,0.05,500,0.3,0.025,0.2,0.2,0.025,0.3,0.025,-0.2,0.2,0.025,0,0,0,0,1,0,0,9.81,0,0,0,0,00,0.00,0
9.422332,0,0.4210304,-0.2735834,0.3666745,49.88001,262.71,23.40001,0.02,0,0.2483612,-0.1868424,-0.2465833,318.19,17.82001,186.5,0.02,0.3,0.025,0.2,0,0,0,0.05,500,0.3,0.025,0.2,0.2,0.025,0.3,0.025,-0.2,0.2,0.025,0,0,0,0,1,0,0,9.81,0,0,0,0,00,0.00,0
9.433551,0,0.4215892,-0.2741423,0.3663443,49.93999,262.64,23.44,0.02,0,0.2483612,-0.1868424,-0.2465833,318.19,17.82001,186.5,0.02,0.3,0.025,0.2,0,0,0,0.05,500,0.3,0.025,0.2,0.2,0.025,0.3,0.025,-0.2,0.2,0.025,0,0,0,0,1,0,0,9.81,0,0,0,0,00,0.00,0
9.443113,0,0.4215892,-0.2741423,0.3663443,49.93999,262.64,23.44,0.02,0,0.2483612,-0.1868424,-0.2465833,318.19,17.82001,186.5,0.02,0.3,0.025,0.2,0,0,0,0.05,500,0.3,0.025,0.2,0.2,0.025,0.3,0.025,-0.2,0.2,0.025,0,0,0,0,1,0,0,9.81,0,0,0,0,00,0.00,0
9.454579,0,0.4250436,-0.2770379,0.3637788,50.27001,262.27,23.83999,0.02,0,0.2483612,-0.1868424,-0.2465833,318.19,17.82001,186.5,0.02,0.3,0.025,0.2,0,0,0,0.05,500,0.3,0.025,0.2,0.2,0.025,0.3,0.025,-0.2,0.2,0.025,0,0,0,0,1,0,0,9.81,0,0,0,0,00,0.00,0
9.46515,0,0.4300728,-0.2815083,0.3593085,50.82,261.69,24.48001,0.02,0,0.2483612,-0.1868424,-0.2465833,318.19,17.82001,186.5,0.02,0.3,0.025,0.2,0,0,0,0.05,500,0.3,0.025,0.2,0.2,0.025,0.3,0.025,-0.2,0.2,0.025,0,0,0,0,1,0,0,9.81,0,0,0,0,00,0.00,0
9.474236,0,0.4301998,-0.2815083,0.3589783,50.77999,261.67,24.57,0.02,0,0.2483612,-0.1868424,-0.2465833,318.19,17.82001,186.5,0.02,0.3,0.025,0.2,0,0,0,0.05,500,0.3,0.025,0.2,0.2,0.025,0.3,0.025,-0.2,0.2,0.025,0,0,0,0,1,0,0,9.81,0,0,0,0,00,0.00,0
9.485755,0,0.4297426,-0.280162,0.3590799,50.78001,261.87,24.59,0.02,0,0.2483612,-0.1867408,-0.2465833,318.19,17.82001,186.5,0.02,0.3,0.025,0.2,0,0,0,0.05,500,0.3,0.025,0.2,0.2,0.025,0.3,0.025,-0.2,0.2,0.025,0,0,0,0,1,0,0,9.81,0,0,0,0,00,0.00,0
9.495444,0,0.4291838,-0.2795016,0.3593085,50.73,261.96,24.56999,0.02,0,0.2483612,-0.1867408,-0.2465833,318.19,17.82001,186.5,0.02,0.3,0.025,0.2,0,0,0,0.05,500,0.3,0.025,0.2,0.2,0.025,0.3,0.025,-0.2,0.2,0.025,0,0,0,0,1,0,0,9.81,0,0,0,0,00,0.00,0
9.507069,0,0.4285234,-0.2790445,0.3596387,50.65,262,24.53999,0.02,0,0.2483612,-0.1867408,-0.2465833,318.19,17.82001,186.5,0.02,0.3,0.025,0.2,0,0,0,0.05,500,0.3,0.025,0.2,0.2,0.025,0.3,0.025,-0.2,0.2,0.025,0,0,0,0,1,0,0,9.81,0,0,0,0,00,0.00,0
9.517113,0,0.4280662,-0.2786126,0.3599688,50.58001,262.07,24.51999,0.02,0,0.2483612,-0.1868424,-0.2465833,318.19,17.82001,186.5,0.02,0.3,0.025,0.2,0,0,0,0.05,500,0.3,0.025,0.2,0.2,0.025,0.3,0.025,-0.2,0.2,0.025,0,0,0,0,1,0,0,9.81,0,0,0,0,00,0.00,0
9.526358,0,0.4278376,-0.2784857,0.3601975,50.56001,262.09,24.52,0.02,0,0.2483612,-0.1868424,-0.2465833,318.19,17.82001,186.5,0.02,0.3,0.025,0.2,0,0,0,0.05,500,0.3,0.025,0.2,0.2,0.025,0.3,0.025,-0.2,0.2,0.025,0,0,0,0,1,0,0,9.81,0,0,0,0,00,0.00,0
9.537635,0,0.4271772,-0.2781555,0.3607562,50.45,262.18,24.48,0.02,0,0.2483612,-0.1868424,-0.2465833,318.19,17.82001,186.5,0.02,0.3,0.025,0.2,0,0,0,0.05,500,0.3,0.025,0.2,0.2,0.025,0.3,0.025,-0.2,0.2,0.025,0,0,0,0,1,0,0,9.81,0,0,0,0,00,0.00,0
9.547037,0,0.4266184,-0.2777237,0.3615437,50.41,262.27,24.40999,0.02,0,0.2483612,-0.1868424,-0.2465833,318.19,17.82001,186.5,0.02,0.3,0.025,0.2,0,0,0,0.05,500,0.3,0.025,0.2,0.2,0.025,0.3,0.025,-0.2,0.2,0.025,0,0,0,0,1,0,0,9.81,0,0,0,0,00,0.00,0
9.558422,0,0.4251706,-0.2760473,0.3629915,50.47,262.62,24.19,0.02,0,0.2483612,-0.1868424,-0.2465833,318.19,17.82001,186.5,0.02,0.3,0.025,0.2,0,0,0,0.05,500,0.3,0.025,0.2,0.2,0.025,0.3,0.025,-0.2,0.2,0.025,0,0,0,0,1,0,0,9.81,0,0,0,0,00,0.00,0
9.568234,0,0.4244848,-0.2736851,0.3643377,50.63001,263.03,23.93,0.02,0,0.2483612,-0.1867408,-0.2465833,318.19,17.82001,186.5,0.02,0.3,0.025,0.2,0,0,0,0.05,500,0.3,0.025,0.2,0.2,0.025,0.3,0.025,-0.2,0.2,0.025,0,0,0,0,1,0,0,9.81,0,0,0,0,00,0.00,0
9.578673,0,0.424053,-0.2718054,0.3642106,50.98,263.34,23.71,0.02,0,0.2483612,-0.1867408,-0.2465833,318.19,17.82001,186.5,0.02,0.3,0.025,0.2,0,0,0,0.05,500,0.3,0.025,0.2,0.2,0.025,0.3,0.025,-0.2,0.2,0.025,0,0,0,0,1,0,0,9.81,0,0,0,0,00,0.00,0
9.589107,0,0.423037,-0.2710181,0.3647695,50.92999,263.41,23.58,0.02,0,0.2483612,-0.1867408,-0.2465833,318.19,17.82001,186.5,0.02,0.3,0.025,0.2,0,0,0,0.05,500,0.3,0.025,0.2,0.2,0.025,0.3,0.025,-0.2,0.2,0.025,0,0,0,0,1,0,0,9.81,0,0,0,0,00,0.00,0
9.600517,0,0.4226052,-0.2702307,0.3655569,50.78,263.47,23.42,0.02,0,0.2483612,-0.1867408,-0.2465833,318.19,17.82001,186.5,0.02,0.3,0.025,0.2,0,0,0,0.05,500,0.3,0.025,0.2,0.2,0.025,0.3,0.025,-0.2,0.2,0.025,0,0,0,0,1,0,0,9.81,0,0,0,0,00,0.00,0
9.609667,0,0.4226052,-0.2702307,0.3655569,50.78,263.47,23.42,0.02,0,0.2483612,-0.1867408,-0.2465833,318.19,17.82001,186.5,0.02,0.3,0.025,0.2,0,0,0,0.05,500,0.3,0.025,0.2,0.2,0.025,0.3,0.025,-0.2,0.2,0.025,0,0,0,0,1,0,0,9.81,0,0,0,0,00,0.00,0
9.620145,0,0.4218178,-0.2699005,0.3664459,50.56,263.47,23.25001,0.02,0,0.2483612,-0.1867408,-0.2465833,318.19,17.82001,186.5,0.02,0.3,0.025,0.2,0,0,0,0.05,500,0.3,0.025,0.2,0.2,0.025,0.3,0.025,-0.2,0.2,0.025,0,0,0,0,1,0,0,9.81,0,0,0,0,00,0.00,0
9.630899,0,0.4210304,-0.2696719,0.3675635,50.27001,263.47,23.12,0.02,0,0.2483612,-0.1867408,-0.2465833,318.19,17.82001,186.5,0.02,0.3,0.025,0.2,0,0,0,0.05,500,0.3,0.025,0.2,0.2,0.025,0.3,0.025,-0.2,0.2,0.025,0,0,0,0,1,0,0,9.81,0,0,0,0,00,0.00,0
9.640629,0,0.4210304,-0.2694432,0.367792,50.23,263.47,23.08999,0.02,0,0.2483612,-0.1867408,-0.2465833,318.19,17.82001,186.5,0.02,0.3,0.025,0.2,0,0,0,0.05,500,0.3,0.025,0.2,0.2,0.025,0.3,0.025,-0.2,0.2,0.025,0,0,0,0,1,0,0,9.81,0,0,0,0,00,0.00,0
9.651826,0,0.4207002,-0.2693417,0.3678937,50.16,263.45,23.05,0.02,0,0.2483612,-0.1867408,-0.2465833,318.19,17.82001,186.5,0.02,0.3,0.025,0.2,0,0,0,0.05,500,0.3,0.025,0.2,0.2,0.025,0.3,0.025,-0.2,0.2,0.025,0,0,0,0,1,0,0,9.81,0,0,0,0,00,0.00,0
9.661449,0,0.4204716,-0.2691131,0.3683509,50.05,263.43,23.04999,0.02,0,0.2483612,-0.1867408,-0.2465833,318.19,17.82001,186.5,0.02,0.3,0.025,0.2,0,0,0,0.05,500,0.3,0.025,0.2,0.2,0.025,0.3,0.025,-0.2,0.2,0.025,0,0,0,0,1,0,0,9.81,0,0,0,0,00,0.00,0
9.671959,0,0.4209288,-0.2687829,0.3683509,50.12001,263.47,23.05,0.02,0,0.2483612,-0.1867408,-0.2465833,318.19,17.82001,186.5,0.02,0.3,0.025,0.2,0,0,0,0.05,500,0.3,0.025,0.2,0.2,0.025,0.3,0.025,-0.2,0.2,0.025,0,0,0,0,1,0,0,9.81,0,0,0,0,00,0.00,0
9.682903,0,0.4213606,-0.2690114,0.3681222,50.16,263.47,23.14001,0.02,0,0.2483612,-0.1867408,-0.2465833,318.19,17.82001,186.5,0.02,0.3,0.025,0.2,0,0,0,0.05,500,0.3,0.025,0.2,0.2,0.025,0.3,0.025,-0.2,0.2,0.025,0,0,0,0,1,0,0,9.81,0,0,0,0,00,0.00,0
9.692322,0,0.4215892,-0.2691131,0.3681222,50.16001,263.47,23.16,0.02,0,0.2483612,-0.1867408,-0.2465833,318.19,17.82001,186.5,0.02,0.3,0.025,0.2,0,0,0,0.05,500,0.3,0.025,0.2,0.2,0.025,0.3,0.025,-0.2,0.2,0.025,0,0,0,0,1,0,0,9.81,0,0,0,0,00,0.00,0
9.703803,0,0.4219194,-0.2692401,0.3680207,50.19,263.47,23.2,0.02,0,0.2483612,-0.1867408,-0.2465833,318.19,17.82001,186.5,0.02,0.3,0.025,0.2,0,0,0,0.05,500,0.3,0.025,0.2,0.2,0.025,0.3,0.025,-0.2,0.2,0.025,0,0,0,0,1,0,0,9.81,0,0,0,0,00,0.00,0
9.714282,0,0.4226052,-0.2695703,0.3678937,50.23,263.5,23.30999,0.02,0,0.2483612,-0.1867408,-0.2465833,318.19,17.82001,186.5,0.02,0.3,0.025,0.2,0,0,0,0.05,500,0.3,0.025,0.2,0.2,0.025,0.3,0.025,-0.2,0.2,0.025,0,0,0,0,1,0,0,9.81,0,0,0,0,00,0.00,0
9.724159,0,0.4229354,-0.2700021,0.3678937,50.18999,263.5,23.38,0.02,0,0.2483612,-0.1867408,-0.2465833,318.19,17.82001,186.5,0.02,0.3,0.025,0.2,0,0,0,0.05,500,0.3,0.025,0.2,0.2,0.025,0.3,0.025,-0.2,0.2,0.025,0,0,0,0,1,0,0,9.81,0,0,0,0,00,0.00,0
9.734761,0,0.4234942,-0.2701291,0.367792,50.27,263.58,23.44,0.02,0,0.2483612,-0.1867408,-0.2465833,318.19,17.82001,186.5,0.02,0.3,0.025,0.2,0,0,0,0.05,500,0.3,0.025,0.2,0.2,0.025,0.3,0.025,-0.2,0.2,0.025,0,0,0,0,1,0,0,9.81,0,0,0,0,00,0.00,0
9.744366,0,0.4234942,-0.2701291,0.367792,50.27,263.58,23.44,0.02,0,0.2483612,-0.1867408,-0.2465833,318.19,17.82001,186.5,0.02,0.3,0.025,0.2,0,0,0,0.05,500,0.3,0.025,0.2,0.2,0.025,0.3,0.025,-0.2,0.2,0.025,0,0,0,0,1,0,0,9.81,0,0,0,0,00,0.00,0
9.75576,0,0.4228084,-0.2712466,0.3672332,50.23,263.45,23.58,0.02,0,0.2483612,-0.1867408,-0.2465833,318.19,17.82001,186.5,0.02,0.3,0.025,0.2,0,0,0,0.05,500,0.3,0.025,0.2,0.2,0.025,0.3,0.025,-0.2,0.2,0.025,0,0,0,0,1,0,0,9.81,0,0,0,0,00,0.00,0
9.765681,0,0.4228084,-0.2712466,0.3672332,50.23,263.45,23.58,0.02,0,0.2483612,-0.1867408,-0.2465833,318.19,17.82001,186.5,0.02,0.3,0.025,0.2,0,0,0,0.05,500,0.3,0.025,0.2,0.2,0.025,0.3,0.025,-0.2,0.2,0.025,0,0,0,0,1,0,0,9.81,0,0,0,0,00,0.00,0
9.776567,0,0.4224782,-0.2719071,0.3663443,50.27,263.32,23.62001,0.02,0,0.2483612,-0.1867408,-0.2465833,318.19,17.82001,186.5,0.02,0.3,0.025,0.2,0,0,0,0.05,500,0.3,0.025,0.2,0.2,0.025,0.3,0.025,-0.2,0.2,0.025,0,0,0,0,1,0,0,9.81,0,0,0,0,00,0.00,0
9.786489,0,0.422275,-0.2726945,0.3661156,50.21001,263.17,23.64,0.02,0,0.2483612,-0.1867408,-0.2465833,318.19,17.82001,186.5,0.02,0.3,0.025,0.2,0,0,0,0.05,500,0.3,0.025,0.2,0.2,0.025,0.3,0.025,-0.2,0.2,0.025,0,0,0,0,1,0,0,9.81,0,0,0,0,00,0.00,0
9.797731,0,0.4227068,-0.2730247,0.3660141,50.24999,263.12,23.65999,0.02,0,0.2483612,-0.1867408,-0.2465833,318.19,17.82001,186.5,0.02,0.3,0.025,0.2,0,0,0,0.05,500,0.3,0.025,0.2,0.2,0.025,0.3,0.025,-0.2,0.2,0.025,0,0,0,0,1,0,0,9.81,0,0,0,0,00,0.00,0
9.80709,0,0.423037,-0.2733549,0.3657854,50.30001,263.1,23.66,0.02,0,0.2483612,-0.1867408,-0.2465833,318.19,17.82001,186.5,0.02,0.3,0.025,0.2,0,0,0,0.05,500,0.3,0.025,0.2,0.2,0.025,0.3,0.025,-0.2,0.2,0.025,0,0,0,0,1,0,0,9.81,0,0,0,0,00,0.00,0
9.81748,0,0.4234942,-0.2740406,0.3660141,50.25001,263.01,23.71,0.02,0,0.2483612,-0.1867408,-0.2465833,318.19,17.82001,186.5,0.02,0.3,0.025,0.2,0,0,0,0.05,500,0.3,0.025,0.2,0.2,0.025,0.3,0.025,-0.2,0.2,0.025,0,0,0,0,1,0,0,9.81,0,0,0,0,00,0.00,0
9.827986,0,0.4253992,-0.2732533,0.366903,50.47001,263.3,23.66,0.02,0,0.2483612,-0.1867408,-0.2465833,318.19,17.82001,186.5,0.02,0.3,0.025,0.2,0,0,0,0.05,500,0.3,0.025,0.2,0.2,0.025,0.3,0.025,-0.2,0.2,0.025,0,0,0,0,1,0,0,9.81,0,0,0,0,00,0.00,0
9.838187,0,0.4253992,-0.2729231,0.3675635,50.45001,263.41,23.64,0.02,0,0.2483612,-0.1867408,-0.2465833,318.19,17.82001,186.5,0.02,0.3,0.025,0.2,0,0,0,0.05,500,0.3,0.025,0.2,0.2,0.025,0.3,0.025,-0.2,0.2,0.025,0,0,0,0,1,0,0,9.81,0,0,0,0,00,0.00,0
9.849384,0,0.4257294,-0.2724659,0.3681222,50.45002,263.52,23.6,0.02,0,0.2483612,-0.1867408,-0.2465833,318.19,17.82001,186.5,0.02,0.3,0.025,0.2,0,0,0,0.05,500,0.3,0.025,0.2,0.2,0.025,0.3,0.025,-0.2,0.2,0.025,0,0,0,0,1,0,0,9.81,0,0,0,0,00,0.00,0
9.859055,0,0.4260596,-0.2716784,0.3684524,50.56001,263.67,23.52999,0.02,0,0.2483612,-0.1867408,-0.2465833,318.19,17.82001,186.5,0.02,0.3,0.025,0.2,0,0,0,0.05,500,0.3,0.025,0.2,0.2,0.025,0.3,0.025,-0.2,0.2,0.025,0,0,0,0,1,0,0,9.81,0,0,0,0,00,0.00,0
9.870589,0,0.4257294,-0.2718055,0.3685794,50.49001,263.65,23.53,0.02,0,0.2483612,-0.1867408,-0.2465833,318.19,17.82001,186.5,0.02,0.3,0.025,0.2,0,0,0,0.05,500,0.3,0.025,0.2,0.2,0.025,0.3,0.025,-0.2,0.2,0.025,0,0,0,0,1,0,0,9.81,0,0,0,0,00,0.00,0
9.879897,0,0.4255008,-0.2714753,0.3686811,50.47001,263.65,23.48999,0.02,0,0.2483612,-0.1867408,-0.2465833,318.19,17.82001,186.5,0.02,0.3,0.025,0.2,0,0,0,0.05,500,0.3,0.025,0.2,0.2,0.025,0.3,0.025,-0.2,0.2,0.025,0,0,0,0,1,0,0,9.81,0,0,0,0,00,0.00,0
9.890044,0,0.4253992,-0.2713482,0.3686811,50.47001,263.65,23.47,0.02,0,0.2483612,-0.1867408,-0.2465833,318.19,17.82001,186.5,0.02,0.3,0.025,0.2,0,0,0,0.05,500,0.3,0.025,0.2,0.2,0.025,0.3,0.025,-0.2,0.2,0.025,0,0,0,0,1,0,0,9.81,0,0,0,0,00,0.00,0
9.901376,0,0.4251706,-0.2713482,0.3685794,50.47,263.65,23.43999,0.02,0,0.2483612,-0.1867408,-0.2465833,318.19,17.82001,186.5,0.02,0.3,0.025,0.2,0,0,0,0.05,500,0.3,0.025,0.2,0.2,0.025,0.3,0.025,-0.2,0.2,0.025,0,0,0,0,1,0,0,9.81,0,0,0,0,00,0.00,0
9.910835,0,0.4251706,-0.2713482,0.3685794,50.47,263.65,23.43999,0.02,0,0.2483612,-0.1867408,-0.2465833,318.19,17.82001,186.5,0.02,0.3,0.025,0.2,0,0,0,0.05,500,0.3,0.025,0.2,0.2,0.025,0.3,0.025,-0.2,0.2,0.025,0,0,0,0,1,0,0,9.81,0,0,0,0,00,0.00,0
9.922319,0,0.4242816,-0.2699005,0.3681222,50.54,263.74,23.33,0.02,0,0.2483612,-0.1867408,-0.2465833,318.19,17.82001,186.5,0.02,0.3,0.025,0.2,0,0,0,0.05,500,0.3,0.025,0.2,0.2,0.025,0.3,0.025,-0.2,0.2,0.025,0,0,0,0,1,0,0,9.81,0,0,0,0,00,0.00,0
9.931911,0,0.4242816,-0.2699005,0.3681222,50.54,263.74,23.33,0.02,0,0.2483612,-0.1867408,-0.2465833,318.19,17.82001,186.5,0.02,0.3,0.025,0.2,0,0,0,0.05,500,0.3,0.025,0.2,0.2,0.025,0.3,0.025,-0.2,0.2,0.025,0,0,0,0,1,0,0,9.81,0,0,0,0,00,0.00,0
9.94271,0,0.423037,-0.2690115,0.3682493,50.43,263.83,23.29,0.02,0,0.2483612,-0.1867408,-0.2465833,318.19,17.82001,186.5,0.02,0.3,0.025,0.2,0,0,0,0.05,500,0.3,0.025,0.2,0.2,0.025,0.3,0.025,-0.2,0.2,0.025,0,0,0,0,1,0,0,9.81,0,0,0,0,00,0.00,0
9.953205,0,0.423037,-0.2683256,0.3686811,50.45002,263.98,23.25001,0.02,0,0.2483612,-0.1867408,-0.2465833,318.19,17.82001,186.5,0.02,0.3,0.025,0.2,0,0,0,0.05,500,0.3,0.025,0.2,0.2,0.025,0.3,0.025,-0.2,0.2,0.025,0,0,0,0,1,0,0,9.81,0,0,0,0,00,0.00,0
9.962485,0,0.4224782,-0.2684527,0.3691382,50.38002,264,23.25001,0.02,0,0.2483612,-0.1867408,-0.2465833,318.19,17.82001,186.5,0.02,0.3,0.025,0.2,0,0,0,0.05,500,0.3,0.025,0.2,0.2,0.025,0.3,0.025,-0.2,0.2,0.025,0,0,0,0,1,0,0,9.81,0,0,0,0,00,0.00,0
9.973776,0,0.4219194,-0.2682241,0.3700272,50.27,264.07,23.16,0.02,0,0.2483612,-0.1867408,-0.2465833,318.19,17.82001,186.5,0.02,0.3,0.025,0.2,0,0,0,0.05,500,0.3,0.025,0.2,0.2,0.025,0.3,0.025,-0.2,0.2,0.025,0,0,0,0,1,0,0,9.81,0,0,0,0,00,0.00,0
9.984179,0,0.4213606,-0.2679954,0.3708147,50.19,264.13,23.05,0.02,0,0.2483612,-0.1867408,-0.2465833,318.19,17.82001,186.5,0.02,0.3,0.025,0.2,0,0,0,0.05,500,0.3,0.025,0.2,0.2,0.025,0.3,0.025,-0.2,0.2,0.025,0,0,0,0,1,0,0,9.81,0,0,0,0,00,0.00,0
9.994904,0,0.4208018,-0.2683257,0.3710179,50.14,264.09,23.02999,0.02,0,0.2483612,-0.1867408,-0.2465833,318.19,17.82001,186.5,0.02,0.3,0.025,0.2,0,0,0,0.05,500,0.3,0.025,0.2,0.2,0.025,0.3,0.025,-0.2,0.2,0.025,0,0,0,0,1,0,0,9.81,0,0,0,0,00,0.00,0
10.00537,0,0.42037,-0.2685543,0.3712465,50.08,264.05,23.01,0.02,0,0.2483612,-0.1867408,-0.2465833,318.19,17.82001,186.5,0.02,0.3,0.025,0.2,0,0,0,0.05,500,0.3,0.025,0.2,0.2,0.025,0.3,0.025,-0.2,0.2,0.025,0,0,0,0,1,0,0,9.81,0,0,0,0,00,0.00,0
10.0163,0,0.4204716,-0.2688845,0.3708147,50.08,263.98,23.00999,0.02,0,0.2483612,-0.1867408,-0.2465833,318.19,17.82001,186.5,0.02,0.3,0.025,0.2,0,0,0,0.05,500,0.3,0.025,0.2,0.2,0.025,0.3,0.025,-0.2,0.2,0.025,0,0,0,0,1,0,0,9.81,0,0,0,0,00,0.00,0
10.02565,0,0.4205986,-0.2691131,0.3705861,50.1,263.94,23.03,0.02,0,0.2483612,-0.1867408,-0.2465833,318.19,17.82001,186.5,0.02,0.3,0.025,0.2,0,0,0,0.05,500,0.3,0.025,0.2,0.2,0.025,0.3,0.025,-0.2,0.2,0.025,0,0,0,0,1,0,0,9.81,0,0,0,0,00,0.00,0
10.03635,0,0.4207002,-0.2694433,0.3703575,50.10001,263.87,23.05,0.02,0,0.2483612,-0.1867408,-0.2465833,318.19,17.82001,186.5,0.02,0.3,0.025,0.2,0,0,0,0.05,500,0.3,0.025,0.2,0.2,0.025,0.3,0.025,-0.2,0.2,0.025,0,0,0,0,1,0,0,9.81,0,0,0,0,00,0.00,0
10.04705,0,0.4211574,-0.2699005,0.3699003,50.12,263.8,23.07,0.02,0,0.2483612,-0.1867408,-0.2465833,318.19,17.82001,186.5,0.02,0.3,0.025,0.2,0,0,0,0.05,500,0.3,0.025,0.2,0.2,0.025,0.3,0.025,-0.2,0.2,0.025,0,0,0,0,1,0,0,9.81,0,0,0,0,00,0.00,0
10.05676,0,0.4214876,-0.2704593,0.3693669,50.12001,263.69,23.13999,0.02,0,0.2483612,-0.1867408,-0.2465833,318.19,17.82001,186.5,0.02,0.3,0.025,0.2,0,0,0,0.05,500,0.3,0.025,0.2,0.2,0.025,0.3,0.025,-0.2,0.2,0.025,0,0,0,0,1,0,0,9.81,0,0,0,0,00,0.00,0
10.06818,0,0.4219194,-0.2710181,0.3692398,50.09999,263.65,23.11999,0.02,0,0.2483612,-0.1867408,-0.2465833,318.19,17.82001,186.5,0.02,0.3,0.025,0.2,0,0,0,0.05,500,0.3,0.025,0.2,0.2,0.025,0.3,0.025,-0.2,0.2,0.025,0,0,0,0,1,0,0,9.81,0,0,0,0,00,0.00,0
10.07765,0,0.4219194,-0.2710181,0.3692398,50.09999,263.65,23.11999,0.02,0,0.2483612,-0.1867408,-0.2465833,318.19,17.82001,186.5,0.02,0.3,0.025,0.2,0,0,0,0.05,500,0.3,0.025,0.2,0.2,0.025,0.3,0.025,-0.2,0.2,0.025,0,0,0,0,1,0,0,9.81,0,0,0,0,00,0.00,0
10.08915,0,0.4218178,-0.2706878,0.36957,50.12,263.74,23.07,0.02,0,0.2483612,-0.1867408,-0.2465833,318.19,17.82001,186.5,0.02,0.3,0.025,0.2,0,0,0,0.05,500,0.3,0.025,0.2,0.2,0.025,0.3,0.025,-0.2,0.2,0.025,0,0,0,0,1,0,0,9.81,0,0,0,0,00,0.00,0
10.09929,0,0.4218178,-0.2706878,0.36957,50.12,263.74,23.07,0.02,0,0.2483612,-0.1867408,-0.2465833,318.19,17.82001,186.5,0.02,0.3,0.025,0.2,0,0,0,0.05,500,0.3,0.025,0.2,0.2,0.025,0.3,0.025,-0.2,0.2,0.025,0,0,0,0,1,0,0,9.81,0,0,0,0,00,0.00,0
10.11105,0,0.4217162,-0.2704593,0.3700272,50.12,263.8,23.03001,0.02,0,0.2483612,-0.1867408,-0.2465833,318.19,17.82001,186.5,0.02,0.3,0.025,0.2,0,0,0,0.05,500,0.3,0.025,0.2,0.2,0.025,0.3,0.025,-0.2,0.2,0.025,0,0,0,0,1,0,0,9.81,0,0,0,0,00,0.00,0
10.12321,0,0.4215892,-0.2705608,0.370459,50.09999,263.85,23.01,0.02,0,0.2483612,-0.1867408,-0.2465833,318.19,17.82001,186.5,0.02,0.3,0.025,0.2,0,0,0,0.05,500,0.3,0.025,0.2,0.2,0.025,0.3,0.025,-0.2,0.2,0.025,0,0,0,0,1,0,0,9.81,0,0,0,0,00,0.00,0
10.13624,0,0.4219194,-0.2702307,0.3712465,50.10001,263.98,22.97999,0.02,0,0.2483612,-0.1867408,-0.2465833,318.19,17.82001,186.5,0.02,0.3,0.025,0.2,0,0,0,0.05,500,0.3,0.025,0.2,0.2,0.025,0.3,0.025,-0.2,0.2,0.025,0,0,0,0,1,0,0,9.81,0,0,0,0,00,0.00,0
10.14443,0,0.4219194,-0.2702307,0.3712465,50.10001,263.98,22.97999,0.02,0,0.2483612,-0.1867408,-0.2465833,318.19,17.82001,186.5,0.02,0.3,0.025,0.2,0,0,0,0.05,500,0.3,0.025,0.2,0.2,0.025,0.3,0.025,-0.2,0.2,0.025,0,0,0,0,1,0,0,9.81,0,0,0,0,00,0.00,0
10.1538,0,0.423037,-0.2712467,0.3713735,50.13999,263.96,23.14,0.02,0,0.2483612,-0.1867408,-0.2465833,318.19,17.82001,186.5,0.02,0.3,0.025,0.2,0,0,0,0.05,500,0.3,0.025,0.2,0.2,0.025,0.3,0.025,-0.2,0.2,0.025,0,0,0,0,1,0,0,9.81,0,0,0,0,00,0.00,0
10.16429,0,0.4235958,-0.2720086,0.3715766,50.08,263.87,23.18,0.02,0,0.2483612,-0.1867408,-0.2465833,318.19,17.82001,186.5,0.02,0.3,0.025,0.2,0,0,0,0.05,500,0.3,0.025,0.2,0.2,0.025,0.3,0.025,-0.2,0.2,0.025,0,0,0,0,1,0,0,9.81,0,0,0,0,00,0.00,0
10.17468,0,0.4238244,-0.2723643,0.3717037,50.05001,263.83,23.20001,0.02,0,0.2483612,-0.1867408,-0.2465833,318.19,17.82001,186.5,0.02,0.3,0.025,0.2,0,0,0,0.05,500,0.3,0.025,0.2,0.2,0.025,0.3,0.025,-0.2,0.2,0.025,0,0,0,0,1,0,0,9.81,0,0,0,0,00,0.00,0
10.1852,0,0.4238244,-0.2732532,0.3717037,49.94,263.65,23.25,0.02,0,0.2483612,-0.1867408,-0.2465833,318.19,17.82001,186.5,0.02,0.3,0.025,0.2,0,0,0,0.05,500,0.3,0.025,0.2,0.2,0.025,0.3,0.025,-0.2,0.2,0.025,0,0,0,0,1,0,0,9.81,0,0,0,0,00,0.00,0
10.19466,0,0.423926,-0.273685,0.3717037,49.90001,263.58,23.27,0.02,0,0.2483612,-0.1867408,-0.2465833,318.19,17.82001,186.5,0.02,0.3,0.025,0.2,0,0,0,0.05,500,0.3,0.025,0.2,0.2,0.025,0.3,0.025,-0.2,0.2,0.025,0,0,0,0,1,0,0,9.81,0,0,0,0,00,0.00,0
10.20623,0,0.424053,-0.2738121,0.3717037,49.88,263.54,23.26999,0.02,0,0.2483612,-0.1867408,-0.2465833,318.19,17.82001,186.5,0.02,0.3,0.025,0.2,0,0,0,0.05,500,0.3,0.025,0.2,0.2,0.025,0.3,0.025,-0.2,0.2,0.025,0,0,0,0,1,0,0,9.81,0,0,0,0,00,0.00,0
10.21624,0,0.4243832,-0.2736851,0.3715766,49.90001,263.56,23.31,0.02,0,0.2483612,-0.1867408,-0.2465833,318.19,17.82001,186.5,0.02,0.3,0.025,0.2,0,0,0,0.05,500,0.3,0.025,0.2,0.2,0.025,0.3,0.025,-0.2,0.2,0.025,0,0,0,0,1,0,0,9.81,0,0,0,0,00,0.00,0
10.22546,0,0.4247134,-0.273685,0.3713735,49.97,263.56,23.33001,0.02,0,0.2483612,-0.1867408,-0.2465833,318.19,17.82001,186.5,0.02,0.3,0.025,0.2,0,0,0,0.05,500,0.3,0.025,0.2,0.2,0.025,0.3,0.025,-0.2,0.2,0.025,0,0,0,0,1,0,0,9.81,0,0,0,0,00,0.00,0
10.23689,0,0.424942,-0.2733549,0.3711449,50.03,263.63,23.33001,0.02,0,0.2483612,-0.1868424,-0.2465833,318.19,17.82001,186.5,0.02,0.3,0.025,0.2,0,0,0,0.05,500,0.3,0.025,0.2,0.2,0.025,0.3,0.025,-0.2,0.2,0.025,0,0,0,0,1,0,0,9.81,0,0,0,0,00,0.00,0
10.24698,0,0.4250436,-0.2731262,0.3710179,50.08002,263.65,23.36,0.02,0,0.2483612,-0.1868424,-0.2465833,318.19,17.82001,186.5,0.02,0.3,0.025,0.2,0,0,0,0.05,500,0.3,0.025,0.2,0.2,0.025,0.3,0.025,-0.2,0.2,0.025,0,0,0,0,1,0,0,9.81,0,0,0,0,00,0.00,0
10.25767,0,0.4252722,-0.2727961,0.370459,50.21,263.74,23.4,0.02,0,0.2483612,-0.1868424,-0.2465833,318.19,17.82001,186.5,0.02,0.3,0.025,0.2,0,0,0,0.05,500,0.3,0.025,0.2,0.2,0.025,0.3,0.025,-0.2,0.2,0.025,0,0,0,0,1,0,0,9.81,0,0,0,0,00,0.00,0
10.26747,0,0.4252722,-0.2727961,0.370459,50.21,263.74,23.4,0.02,0,0.2483612,-0.1868424,-0.2465833,318.19,17.82001,186.5,0.02,0.3,0.025,0.2,0,0,0,0.05,500,0.3,0.025,0.2,0.2,0.025,0.3,0.025,-0.2,0.2,0.025,0,0,0,0,1,0,0,9.81,0,0,0,0,00,0.00,0
10.27795,0,0.4252722,-0.2721356,0.3693669,50.56002,263.87,23.4,0.02,0,0.2483612,-0.1867408,-0.2465833,318.19,17.82001,186.5,0.02,0.3,0.025,0.2,0,0,0,0.05,500,0.3,0.025,0.2,0.2,0.025,0.3,0.025,-0.2,0.2,0.025,0,0,0,0,1,0,0,9.81,0,0,0,0,00,0.00,0
10.28924,0,0.4247134,-0.2716784,0.3691382,50.63,263.94,23.33,0.02,0,0.2483612,-0.1867408,-0.2465833,318.19,17.82001,186.5,0.02,0.3,0.025,0.2,0,0,0,0.05,500,0.3,0.025,0.2,0.2,0.025,0.3,0.025,-0.2,0.2,0.025,0,0,0,0,1,0,0,9.81,0,0,0,0,00,0.00,0
10.29934,0,0.4247134,-0.2716784,0.3691382,50.63,263.94,23.33,0.02,0,0.2483612,-0.1867408,-0.2465833,318.19,17.82001,186.5,0.02,0.3,0.025,0.2,0,0,0,0.05,500,0.3,0.025,0.2,0.2,0.025,0.3,0.025,-0.2,0.2,0.025,0,0,0,0,1,0,0,9.81,0,0,0,0,00,0.00,0
10.30926,0,0.4242816,-0.2704593,0.3685794,50.89001,264.18,23.24999,0.02,0,0.2483612,-0.1867408,-0.2465833,318.19,17.82001,186.5,0.02,0.3,0.025,0.2,0,0,0,0.05,500,0.3,0.025,0.2,0.2,0.025,0.3,0.025,-0.2,0.2,0.025,0,0,0,0,1,0,0,9.81,0,0,0,0,00,0.00,0
10.32015,0,0.424053,-0.2703577,0.3684524,50.87001,264.18,23.29,0.02,0,0.2483612,-0.1867408,-0.2465833,318.19,17.82001,186.5,0.02,0.3,0.025,0.2,0,0,0,0.05,500,0.3,0.025,0.2,0.2,0.025,0.3,0.025,-0.2,0.2,0.025,0,0,0,0,1,0,0,9.81,0,0,0,0,00,0.00,0
10.3298,0,0.4235958,-0.2688845,0.3691382,50.8,264.4,23.2,0.02,0,0.2483612,-0.1867408,-0.2465833,318.19,17.82001,186.5,0.02,0.3,0.025,0.2,0,0,0,0.05,500,0.3,0.025,0.2,0.2,0.025,0.3,0.025,-0.2,0.2,0.025,0,0,0,0,1,0,0,9.81,0,0,0,0,00,0.00,0
10.34112,0,0.4238244,-0.2683256,0.3691382,50.87,264.51,23.25001,0.02,0,0.2483612,-0.1867408,-0.2465833,318.19,17.82001,186.5,0.02,0.3,0.025,0.2,0,0,0,0.05,500,0.3,0.025,0.2,0.2,0.025,0.3,0.025,-0.2,0.2,0.025,0,0,0,0,1,0,0,9.81,0,0,0,0,00,0.00,0
10.35126,0,0.4234942,-0.2678938,0.3692398,50.89,264.59,23.25001,0.02,0,0.2483612,-0.1867408,-0.2465833,318.19,17.82001,186.5,0.02,0.3,0.025,0.2,0,0,0,0.05,500,0.3,0.025,0.2,0.2,0.025,0.3,0.025,-0.2,0.2,0.025,0,0,0,0,1,0,0,9.81,0,0,0,0,00,0.00,0
10.36195,0,0.4233672,-0.2671065,0.3697987,50.82,264.75,23.2,0.02,0,0.2483612,-0.1867408,-0.2465833,318.19,17.82001,186.5,0.02,0.3,0.025,0.2,0,0,0,0.05,500,0.3,0.025,0.2,0.2,0.025,0.3,0.025,-0.2,0.2,0.025,0,0,0,0,1,0,0,9.81,0,0,0,0,00,0.00,0
10.37243,0,0.4234942,-0.2671064,0.36957,50.89,264.77,23.25,0.02,0,0.2483612,-0.1867408,-0.2465833,318.19,17.82001,186.5,0.02,0.3,0.025,0.2,0,0,0,0.05,500,0.3,0.025,0.2,0.2,0.025,0.3,0.025,-0.2,0.2,0.025,0,0,0,0,1,0,0,9.81,0,0,0,0,00,0.00,0
10.38196,0,0.4234942,-0.2679954,0.3690113,50.93,264.64,23.36,0.02,0,0.2483612,-0.1867408,-0.2465833,318.19,17.82001,186.5,0.02,0.3,0.025,0.2,0,0,0,0.05,500,0.3,0.025,0.2,0.2,0.025,0.3,0.025,-0.2,0.2,0.025,0,0,0,0,1,0,0,9.81,0,0,0,0,00,0.00,0
10.39274,0,0.4234942,-0.2683257,0.3688081,50.91002,264.59,23.4,0.02,0,0.2483612,-0.1867408,-0.2465833,318.19,17.82001,186.5,0.02,0.3,0.025,0.2,0,0,0,0.05,500,0.3,0.025,0.2,0.2,0.025,0.3,0.025,-0.2,0.2,0.025,0,0,0,0,1,0,0,9.81,0,0,0,0,00,0.00,0
10.40331,0,0.4235958,-0.2686813,0.3685794,50.93001,264.55,23.41999,0.02,0,0.2483612,-0.1867408,-0.2465833,318.19,17.82001,186.5,0.02,0.3,0.025,0.2,0,0,0,0.05,500,0.3,0.025,0.2,0.2,0.025,0.3,0.025,-0.2,0.2,0.025,0,0,0,0,1,0,0,9.81,0,0,0,0,00,0.00,0
10.41365,0,0.4235958,-0.2694432,0.3678937,51,264.42,23.49,0.02,0,0.2483612,-0.1867408,-0.2465833,318.19,17.82001,186.5,0.02,0.3,0.025,0.2,0,0,0,0.05,500,0.3,0.025,0.2,0.2,0.025,0.3,0.025,-0.2,0.2,0.025,0,0,0,0,1,0,0,9.81,0,0,0,0,00,0.00,0
10.42371,0,0.4232656,-0.2696719,0.3680207,50.93001,264.37,23.44,0.02,0,0.2483612,-0.1867408,-0.2465833,318.19,17.82001,186.5,0.02,0.3,0.025,0.2,0,0,0,0.05,500,0.3,0.025,0.2,0.2,0.025,0.3,0.025,-0.2,0.2,0.025,0,0,0,0,1,0,0,9.81,0,0,0,0,00,0.00,0
10.43497,0,0.4232656,-0.2695703,0.3682493,50.98,264.37,23.38,0.02,0,0.2483612,-0.1867408,-0.2465833,318.19,17.82001,186.5,0.02,0.3,0.025,0.2,0,0,0,0.05,500,0.3,0.025,0.2,0.2,0.025,0.3,0.025,-0.2,0.2,0.025,0,0,0,0,1,0,0,9.81,0,0,0,0,00,0.00,0
10.44453,0,0.423037,-0.2695703,0.3683509,50.98,264.35,23.32999,0.02,0,0.2483612,-0.1867408,-0.2465833,318.19,17.82001,186.5,0.02,0.3,0.025,0.2,0,0,0,0.05,500,0.3,0.025,0.2,0.2,0.025,0.3,0.025,-0.2,0.2,0.025,0,0,0,0,1,0,0,9.81,0,0,0,0,00,0.00,0
10.45491,0,0.423037,-0.2695703,0.3683509,50.98,264.35,23.32999,0.02,0,0.2483612,-0.1867408,-0.2465833,318.19,17.82001,186.5,0.02,0.3,0.025,0.2,0,0,0,0.05,500,0.3,0.025,0.2,0.2,0.025,0.3,0.025,-0.2,0.2,0.025,0,0,0,0,1,0,0,9.81,0,0,0,0,00,0.00,0
10.46567,0,0.423037,-0.2693416,0.3692398,50.95002,264.42,23.18,0.02,0,0.2483612,-0.1867408,-0.2465833,318.19,17.82001,186.5,0.02,0.3,0.025,0.2,0,0,0,0.05,500,0.3,0.025,0.2,0.2,0.025,0.3,0.025,-0.2,0.2,0.025,0,0,0,0,1,0,0,9.81,0,0,0,0,00,0.00,0
10.47611,0,0.4234942,-0.2695703,0.3691382,51,264.4,23.2,0.02,0,0.2483612,-0.1867408,-0.2465833,318.19,17.82001,186.5,0.02,0.3,0.025,0.2,0,0,0,0.05,500,0.3,0.025,0.2,0.2,0.025,0.3,0.025,-0.2,0.2,0.025,0,0,0,0,1,0,0,9.81,0,0,0,0,00,0.00,0
10.48685,0,0.424053,-0.2701291,0.3692398,50.95,264.35,23.25,0.02,0,0.2483612,-0.1867408,-0.2465833,318.19,17.82001,186.5,0.02,0.3,0.025,0.2,0,0,0,0.05,500,0.3,0.025,0.2,0.2,0.025,0.3,0.025,-0.2,0.2,0.025,0,0,0,0,1,0,0,9.81,0,0,0,0,00,0.00,0
10.49623,0,0.4251706,-0.2706878,0.3689097,51.02,264.31,23.32999,0.02,0,0.2483612,-0.1867408,-0.2465833,318.19,17.82001,186.5,0.02,0.3,0.025,0.2,0,0,0,0.05,500,0.3,0.025,0.2,0.2,0.025,0.3,0.025,-0.2,0.2,0.025,0,0,0,0,1,0,0,9.81,0,0,0,0,00,0.00,0
10.5072,0,0.4260596,-0.2711197,0.3685794,51.09,264.27,23.41998,0.02,0,0.2483612,-0.1867408,-0.2465833,318.19,17.82001,186.5,0.02,0.3,0.025,0.2,0,0,0,0.05,500,0.3,0.025,0.2,0.2,0.025,0.3,0.025,-0.2,0.2,0.025,0,0,0,0,1,0,0,9.81,0,0,0,0,00,0.00,0
10.51759,0,0.4263898,-0.2726945,0.3681222,50.89,264.07,23.57999,0.02,0,0.2483612,-0.1867408,-0.2465833,318.19,17.82001,186.5,0.02,0.3,0.025,0.2,0,0,0,0.05,500,0.3,0.025,0.2,0.2,0.025,0.3,0.025,-0.2,0.2,0.025,0,0,0,0,1,0,0,9.81,0,0,0,0,00,0.00,0
10.52857,0,0.4269486,-0.2714753,0.3686811,50.91001,264.29,23.37999,0.02,0,0.2483612,-0.1867408,-0.2465833,318.19,17.82001,186.5,0.02,0.3,0.025,0.2,0,0,0,0.05,500,0.3,0.025,0.2,0.2,0.025,0.3,0.025,-0.2,0.2,0.025,0,0,0,0,1,0,0,9.81,0,0,0,0,00,0.00,0
10.53856,0,0.4261612,-0.2709165,0.3692398,50.8,264.35,23.26999,0.02,0,0.2483612,-0.1867408,-0.2465833,318.19,17.82001,186.5,0.02,0.3,0.025,0.2,0,0,0,0.05,500,0.3,0.025,0.2,0.2,0.025,0.3,0.025,-0.2,0.2,0.025,0,0,0,0,1,0,0,9.81,0,0,0,0,00,0.00,0
10.54843,0,0.425958,-0.2704593,0.3696971,50.73,264.4,23.18,0.02,0,0.2483612,-0.1867408,-0.2465833,318.19,17.82001,186.5,0.02,0.3,0.025,0.2,0,0,0,0.05,500,0.3,0.025,0.2,0.2,0.025,0.3,0.025,-0.2,0.2,0.025,0,0,0,0,1,0,0,9.81,0,0,0,0,00,0.00,0
10.55883,0,0.425958,-0.2696718,0.3699003,50.8,264.53,23.05,0.02,0,0.2483612,-0.1867408,-0.2465833,318.19,17.82001,186.5,0.02,0.3,0.025,0.2,0,0,0,0.05,500,0.3,0.025,0.2,0.2,0.025,0.3,0.025,-0.2,0.2,0.025,0,0,0,0,1,0,0,9.81,0,0,0,0,00,0.00,0
10.56922,0,0.4255008,-0.2697988,0.3697987,50.73001,264.48,23.05,0.02,0,0.2483612,-0.1867408,-0.2465833,318.19,17.82001,186.5,0.02,0.3,0.025,0.2,0,0,0,0.05,500,0.3,0.025,0.2,0.2,0.025,0.3,0.025,-0.2,0.2,0.025,0,0,0,0,1,0,0,9.81,0,0,0,0,00,0.00,0
10.5804,0,0.4251706,-0.2695703,0.3696971,50.69001,264.48,23.03,0.02,0,0.2483612,-0.1867408,-0.2465833,318.19,17.82001,186.5,0.02,0.3,0.025,0.2,0,0,0,0.05,500,0.3,0.025,0.2,0.2,0.025,0.3,0.025,-0.2,0.2,0.025,0,0,0,0,1,0,0,9.81,0,0,0,0,00,0.00,0
10.58974,0,0.4251706,-0.2696719,0.3694685,50.73001,264.46,23.05001,0.02,0,0.2483612,-0.1867408,-0.2465833,318.19,17.82001,186.5,0.02,0.3,0.025,0.2,0,0,0,0.05,500,0.3,0.025,0.2,0.2,0.025,0.3,0.025,-0.2,0.2,0.025,0,0,0,0,1,0,0,9.81,0,0,0,0,00,0.00,0
10.60114,0,0.424942,-0.2697988,0.3692398,50.71001,264.44,23.07,0.02,0,0.2483612,-0.1867408,-0.2465833,318.19,17.82001,186.5,0.02,0.3,0.025,0.2,0,0,0,0.05,500,0.3,0.025,0.2,0.2,0.025,0.3,0.025,-0.2,0.2,0.025,0,0,0,0,1,0,0,9.81,0,0,0,0,00,0.00,0
10.61117,0,0.4246118,-0.2697988,0.3692398,50.69001,264.44,23.07,0.02,0,0.2483612,-0.1867408,-0.2465833,318.19,17.82001,186.5,0.02,0.3,0.025,0.2,0,0,0,0.05,500,0.3,0.025,0.2,0.2,0.025,0.3,0.025,-0.2,0.2,0.025,0,0,0,0,1,0,0,9.81,0,0,0,0,00,0.00,0
10.62088,0,0.4246118,-0.2697988,0.3692398,50.69001,264.44,23.07,0.02,0,0.2483612,-0.1867408,-0.2465833,318.19,17.82001,186.5,0.02,0.3,0.025,0.2,0,0,0,0.05,500,0.3,0.025,0.2,0.2,0.025,0.3,0.025,-0.2,0.2,0.025,0,0,0,0,1,0,0,9.81,0,0,0,0,00,0.00,0
10.63227,0,0.4237228,-0.2700021,0.3697987,50.58001,264.46,23.06999,0.02,0,0.2483612,-0.1867408,-0.2465833,318.19,17.82001,186.5,0.02,0.3,0.025,0.2,0,0,0,0.05,500,0.3,0.025,0.2,0.2,0.025,0.3,0.025,-0.2,0.2,0.025,0,0,0,0,1,0,0,9.81,0,0,0,0,00,0.00,0
10.64199,0,0.423037,-0.2699005,0.370459,50.47,264.53,23.01001,0.02,0,0.2483612,-0.1867408,-0.2465833,318.19,17.82001,186.5,0.02,0.3,0.025,0.2,0,0,0,0.05,500,0.3,0.025,0.2,0.2,0.025,0.3,0.025,-0.2,0.2,0.025,0,0,0,0,1,0,0,9.81,0,0,0,0,00,0.00,0
10.65304,0,0.4223766,-0.2697989,0.371475,50.36,264.64,22.9,0.02,0,0.2483612,-0.1867408,-0.2465833,318.19,17.82001,186.5,0.02,0.3,0.025,0.2,0,0,0,0.05,500,0.3,0.025,0.2,0.2,0.025,0.3,0.025,-0.2,0.2,0.025,0,0,0,0,1,0,0,9.81,0,0,0,0,00,0.00,0
10.66276,0,0.4214876,-0.2702307,0.3718053,50.16,264.59,22.9,0.02,0,0.2483612,-0.1867408,-0.2465833,318.19,17.82001,186.5,0.02,0.3,0.025,0.2,0,0,0,0.05,500,0.3,0.025,0.2,0.2,0.025,0.3,0.025,-0.2,0.2,0.025,0,0,0,0,1,0,0,9.81,0,0,0,0,00,0.00,0
10.67406,0,0.4209288,-0.2702307,0.3721355,50.01,264.59,22.85,0.02,0,0.2483612,-0.1867408,-0.2465833,318.19,17.82001,186.5,0.02,0.3,0.025,0.2,0,0,0,0.05,500,0.3,0.025,0.2,0.2,0.025,0.3,0.025,-0.2,0.2,0.025,0,0,0,0,1,0,0,9.81,0,0,0,0,00,0.00,0
10.68416,0,0.4208018,-0.2705609,0.3718053,49.97001,264.51,22.86999,0.02,0,0.2483612,-0.1867408,-0.2465833,318.19,17.82001,186.5,0.02,0.3,0.025,0.2,0,0,0,0.05,500,0.3,0.025,0.2,0.2,0.025,0.3,0.025,-0.2,0.2,0.025,0,0,0,0,1,0,0,9.81,0,0,0,0,00,0.00,0
10.69373,0,0.4207002,-0.271018,0.371475,49.92,264.4,22.94,0.02,0,0.2483612,-0.1867408,-0.2465833,318.19,17.82001,186.5,0.02,0.3,0.025,0.2,0,0,0,0.05,500,0.3,0.025,0.2,0.2,0.025,0.3,0.025,-0.2,0.2,0.025,0,0,0,0,1,0,0,9.81,0,0,0,0,00,0.00,0
10.70516,0,0.4208018,-0.2715769,0.3708147,49.92001,264.29,23.01002,0.02,0,0.2483612,-0.1867408,-0.2465833,318.19,17.82001,186.5,0.02,0.3,0.025,0.2,0,0,0,0.05,500,0.3,0.025,0.2,0.2,0.025,0.3,0.025,-0.2,0.2,0.025,0,0,0,0,1,0,0,9.81,0,0,0,0,00,0.00,0
10.71496,0,0.421259,-0.2719071,0.3702559,50.01,264.24,23.07,0.02,0,0.2483612,-0.1867408,-0.2465833,318.19,17.82001,186.5,0.02,0.3,0.025,0.2,0,0,0,0.05,500,0.3,0.025,0.2,0.2,0.025,0.3,0.025,-0.2,0.2,0.025,0,0,0,0,1,0,0,9.81,0,0,0,0,00,0.00,0
10.72578,0,0.4215892,-0.2724659,0.3696971,50.08,264.13,23.16,0.02,0,0.2483612,-0.1867408,-0.2465833,318.19,17.82001,186.5,0.02,0.3,0.025,0.2,0,0,0,0.05,500,0.3,0.025,0.2,0.2,0.025,0.3,0.025,-0.2,0.2,0.025,0,0,0,0,1,0,0,9.81,0,0,0,0,00,0.00,0
10.73602,0,0.4224782,-0.2732532,0.3688081,50.19,264.02,23.28999,0.02,0,0.2483612,-0.1867408,-0.2465833,318.19,17.82001,186.5,0.02,0.3,0.025,0.2,0,0,0,0.05,500,0.3,0.025,0.2,0.2,0.025,0.3,0.025,-0.2,0.2,0.025,0,0,0,0,1,0,0,9.81,0,0,0,0,00,0.00,0
10.7464,0,0.4235958,-0.2740406,0.3681222,50.3,263.96,23.37999,0.02,0,0.2483612,-0.1867408,-0.2465833,318.19,17.82001,186.5,0.02,0.3,0.025,0.2,0,0,0,0.05,500,0.3,0.025,0.2,0.2,0.025,0.3,0.025,-0.2,0.2,0.025,0,0,0,0,1,0,0,9.81,0,0,0,0,00,0.00,0
10.75666,0,0.4244848,-0.2754885,0.3671317,50.41002,263.78,23.55001,0.02,0,0.2483612,-0.1867408,-0.2465833,318.19,17.82001,186.5,0.02,0.3,0.025,0.2,0,0,0,0.05,500,0.3,0.025,0.2,0.2,0.025,0.3,0.025,-0.2,0.2,0.025,0,0,0,0,1,0,0,9.81,0,0,0,0,00,0.00,0
10.76691,0,0.4247134,-0.2759202,0.3672332,50.33999,263.78,23.58,0.02,0,0.2483612,-0.1867408,-0.2465833,318.19,17.82001,186.5,0.02,0.3,0.025,0.2,0,0,0,0.05,500,0.3,0.025,0.2,0.2,0.025,0.3,0.025,-0.2,0.2,0.025,0,0,0,0,1,0,0,9.81,0,0,0,0,00,0.00,0
10.77777,0,0.4247134,-0.2759202,0.3672332,50.33999,263.78,23.58,0.02,0,0.2483612,-0.1867408,-0.2465833,318.19,17.82001,186.5,0.02,0.3,0.025,0.2,0,0,0,0.05,500,0.3,0.025,0.2,0.2,0.025,0.3,0.025,-0.2,0.2,0.025,0,0,0,0,1,0,0,9.81,0,0,0,0,00,0.00,0
10.78768,0,0.4244848,-0.2756917,0.3675635,50.32,263.87,23.51,0.02,0,0.2483612,-0.1867408,-0.2465833,318.19,17.82001,186.5,0.02,0.3,0.025,0.2,0,0,0,0.05,500,0.3,0.025,0.2,0.2,0.025,0.3,0.025,-0.2,0.2,0.025,0,0,0,0,1,0,0,9.81,0,0,0,0,00,0.00,0
10.79886,0,0.424053,-0.27559,0.3678937,50.22999,263.91,23.49,0.02,0,0.2483612,-0.1867408,-0.2465833,318.19,17.82001,186.5,0.02,0.3,0.025,0.2,0,0,0,0.05,500,0.3,0.025,0.2,0.2,0.025,0.3,0.025,-0.2,0.2,0.025,0,0,0,0,1,0,0,9.81,0,0,0,0,00,0.00,0
10.8083,0,0.424053,-0.27559,0.3678937,50.25,263.89,23.51,0.02,0,0.2483612,-0.1867408,-0.2465833,318.19,17.82001,186.5,0.02,0.3,0.025,0.2,0,0,0,0.05,500,0.3,0.025,0.2,0.2,0.025,0.3,0.025,-0.2,0.2,0.025,0,0,0,0,1,0,0,9.81,0,0,0,0,00,0.00,0
10.81981,0,0.423926,-0.2758187,0.367792,50.25,263.87,23.53001,0.02,0,0.2483612,-0.1867408,-0.2465833,318.19,17.82001,186.5,0.02,0.3,0.025,0.2,0,0,0,0.05,500,0.3,0.025,0.2,0.2,0.025,0.3,0.025,-0.2,0.2,0.025,0,0,0,0,1,0,0,9.81,0,0,0,0,00,0.00,0
10.82923,0,0.4242816,-0.2759202,0.3673348,50.27,263.83,23.59999,0.02,0,0.2483612,-0.1867408,-0.2465833,318.19,17.82001,186.5,0.02,0.3,0.025,0.2,0,0,0,0.05,500,0.3,0.025,0.2,0.2,0.025,0.3,0.025,-0.2,0.2,0.025,0,0,0,0,1,0,0,9.81,0,0,0,0,00,0.00,0
10.84007,0,0.4246118,-0.2761489,0.366776,50.36001,263.78,23.68999,0.02,0,0.2483612,-0.1867408,-0.2465833,318.19,17.82001,186.5,0.02,0.3,0.025,0.2,0,0,0,0.05,500,0.3,0.025,0.2,0.2,0.025,0.3,0.025,-0.2,0.2,0.025,0,0,0,0,1,0,0,9.81,0,0,0,0,00,0.00,0
10.85062,0,0.424942,-0.2764791,0.3661156,50.43,263.72,23.79999,0.02,0,0.2483612,-0.1867408,-0.2465833,318.19,17.82001,186.5,0.02,0.3,0.025,0.2,0,0,0,0.05,500,0.3,0.025,0.2,0.2,0.025,0.3,0.025,-0.2,0.2,0.025,0,0,0,0,1,0,0,9.81,0,0,0,0,00,0.00,0
10.86026,0,0.4251706,-0.2764791,0.3657854,50.45001,263.72,23.82,0.02,0,0.2483612,-0.1867408,-0.2465833,318.19,17.82001,186.5,0.02,0.3,0.025,0.2,0,0,0,0.05,500,0.3,0.025,0.2,0.2,0.025,0.3,0.025,-0.2,0.2,0.025,0,0,0,0,1,0,0,9.81,0,0,0,0,00,0.00,0
10.87166,0,0.4253992,-0.2760473,0.3654552,50.56,263.76,23.81999,0.02,0,0.2483612,-0.1867408,-0.2465833,318.19,17.82001,186.5,0.02,0.3,0.025,0.2,0,0,0,0.05,500,0.3,0.025,0.2,0.2,0.025,0.3,0.025,-0.2,0.2,0.025,0,0,0,0,1,0,0,9.81,0,0,0,0,00,0.00,0
10.88123,0,0.4250436,-0.2758187,0.3655569,50.52001,263.78,23.8,0.02,0,0.2483612,-0.1867408,-0.2465833,318.19,17.82001,186.5,0.02,0.3,0.025,0.2,0,0,0,0.05,500,0.3,0.025,0.2,0.2,0.025,0.3,0.025,-0.2,0.2,0.025,0,0,0,0,1,0,0,9.81,0,0,0,0,00,0.00,0
10.89216,0,0.424942,-0.2756917,0.3657854,50.47001,263.8,23.77,0.02,0,0.2483612,-0.1867408,-0.2465833,318.19,17.82001,186.5,0.02,0.3,0.025,0.2,0,0,0,0.05,500,0.3,0.025,0.2,0.2,0.025,0.3,0.025,-0.2,0.2,0.025,0,0,0,0,1,0,0,9.81,0,0,0,0,00,0.00,0
10.90242,0,0.4248404,-0.2754884,0.3660141,50.47,263.83,23.74999,0.02,0,0.2483612,-0.1867408,-0.2465833,318.19,17.82001,186.5,0.02,0.3,0.025,0.2,0,0,0,0.05,500,0.3,0.025,0.2,0.2,0.025,0.3,0.025,-0.2,0.2,0.025,0,0,0,0,1,0,0,9.81,0,0,0,0,00,0.00,0
10.912,0,0.4248404,-0.2754884,0.3661156,50.45001,263.83,23.73,0.02,0,0.2483612,-0.1867408,-0.2465833,318.19,17.82001,186.5,0.02,0.3,0.025,0.2,0,0,0,0.05,500,0.3,0.025,0.2,0.2,0.025,0.3,0.025,-0.2,0.2,0.025,0,0,0,0,1,0,0,9.81,0,0,0,0,00,0.00,0
10.92359,0,0.4246118,-0.2754884,0.3663443,50.38,263.85,23.70999,0.02,0,0.2483612,-0.1867408,-0.2465833,318.19,17.82001,186.5,0.02,0.3,0.025,0.2,0,0,0,0.05,500,0.3,0.025,0.2,0.2,0.025,0.3,0.025,-0.2,0.2,0.025,0,0,0,0,1,0,0,9.81,0,0,0,0,00,0.00,0
10.9332,0,0.4246118,-0.2754884,0.3663443,50.38,263.85,23.70999,0.02,0,0.2483612,-0.1867408,-0.2465833,318.19,17.82001,186.5,0.02,0.3,0.025,0.2,0,0,0,0.05,500,0.3,0.025,0.2,0.2,0.025,0.3,0.025,-0.2,0.2,0.025,0,0,0,0,1,0,0,9.81,0,0,0,0,00,0.00,0
10.94394,0,0.4246118,-0.2753615,0.3665729,50.38,263.87,23.66001,0.02,0,0.2483612,-0.1868424,-0.2465833,318.19,17.82001,186.5,0.02,0.3,0.025,0.2,0,0,0,0.05,500,0.3,0.025,0.2,0.2,0.025,0.3,0.025,-0.2,0.2,0.025,0,0,0,0,1,0,0,9.81,0,0,0,0,00,0.00,0
10.95421,0,0.4244848,-0.2752599,0.3665729,50.36,263.89,23.66,0.02,0,0.2483612,-0.1868424,-0.2465833,318.19,17.82001,186.5,0.02,0.3,0.025,0.2,0,0,0,0.05,500,0.3,0.025,0.2,0.2,0.025,0.3,0.025,-0.2,0.2,0.025,0,0,0,0,1,0,0,9.81,0,0,0,0,00,0.00,0
10.96538,0,0.4244848,-0.2751582,0.3665729,50.41,263.91,23.64,0.02,0,0.2483612,-0.1868424,-0.2465833,318.19,17.82001,186.5,0.02,0.3,0.025,0.2,0,0,0,0.05,500,0.3,0.025,0.2,0.2,0.025,0.3,0.025,-0.2,0.2,0.025,0,0,0,0,1,0,0,9.81,0,0,0,0,00,0.00,0
10.97482,0,0.4246118,-0.2752598,0.3664459,50.43,263.91,23.66,0.02,0,0.2483612,-0.1868424,-0.2465833,318.19,17.82001,186.5,0.02,0.3,0.025,0.2,0,0,0,0.05,500,0.3,0.025,0.2,0.2,0.025,0.3,0.025,-0.2,0.2,0.025,0,0,0,0,1,0,0,9.81,0,0,0,0,00,0.00,0
10.98534,0,0.4246118,-0.2753614,0.3663443,50.40999,263.91,23.69,0.02,0,0.2483612,-0.1868424,-0.2465833,318.19,17.82001,186.5,0.02,0.3,0.025,0.2,0,0,0,0.05,500,0.3,0.025,0.2,0.2,0.025,0.3,0.025,-0.2,0.2,0.025,0,0,0,0,1,0,0,9.81,0,0,0,0,00,0.00,0
10.99564,0,0.4248404,-0.2756916,0.3661156,50.43001,263.87,23.73,0.02,0,0.2483612,-0.1868424,-0.2465833,318.19,17.82001,186.5,0.02,0.3,0.025,0.2,0,0,0,0.05,500,0.3,0.025,0.2,0.2,0.025,0.3,0.025,-0.2,0.2,0.025,0,0,0,0,1,0,0,9.81,0,0,0,0,00,0.00,0
11.00597,0,0.424942,-0.2767076,0.3654552,50.41,263.76,23.88,0.02,0,0.2483612,-0.1868424,-0.2465833,318.19,17.82001,186.5,0.02,0.3,0.025,0.2,0,0,0,0.05,500,0.3,0.025,0.2,0.2,0.025,0.3,0.025,-0.2,0.2,0.025,0,0,0,0,1,0,0,9.81,0,0,0,0,00,0.00,0
11.0171,0,0.424942,-0.2777237,0.3648964,50.34002,263.67,24.03999,0.02,0,0.2483612,-0.1868424,-0.2465833,318.19,17.82001,186.5,0.02,0.3,0.025,0.2,0,0,0,0.05,500,0.3,0.025,0.2,0.2,0.025,0.3,0.025,-0.2,0.2,0.025,0,0,0,0,1,0,0,9.81,0,0,0,0,00,0.00,0
11.02655,0,0.4251706,-0.2787142,0.3638805,50.38,263.56,24.23999,0.02,0,0.2483612,-0.1868424,-0.2465833,318.19,17.82001,186.5,0.02,0.3,0.025,0.2,0,0,0,0.05,500,0.3,0.025,0.2,0.2,0.025,0.3,0.025,-0.2,0.2,0.025,0,0,0,0,1,0,0,9.81,0,0,0,0,00,0.00,0
11.03819,0,0.4237228,-0.2787142,0.3638805,50.27001,263.58,24.27999,0.02,0,0.2483612,-0.1868424,-0.2465833,318.19,17.82001,186.5,0.02,0.3,0.025,0.2,0,0,0,0.05,500,0.3,0.025,0.2,0.2,0.025,0.3,0.025,-0.2,0.2,0.025,0,0,0,0,1,0,0,9.81,0,0,0,0,00,0.00,0
11.04834,0,0.423164,-0.2779269,0.3643377,50.3,263.72,24.19001,0.02,0,0.2483612,-0.1868424,-0.2465833,318.19,17.82001,186.5,0.02,0.3,0.025,0.2,0,0,0,0.05,500,0.3,0.025,0.2,0.2,0.025,0.3,0.025,-0.2,0.2,0.025,0,0,0,0,1,0,0,9.81,0,0,0,0,00,0.00,0
11.05783,0,0.4228084,-0.2774951,0.3645662,50.31999,263.78,24.13001,0.02,0,0.2483612,-0.1868424,-0.2465833,318.19,17.82001,186.5,0.02,0.3,0.025,0.2,0,0,0,0.05,500,0.3,0.025,0.2,0.2,0.025,0.3,0.025,-0.2,0.2,0.025,0,0,0,0,1,0,0,9.81,0,0,0,0,00,0.00,0
11.069,0,0.4224782,-0.2769363,0.364998,50.32,263.87,24.08001,0.02,0,0.2483612,-0.1868424,-0.2465833,318.19,17.82001,186.5,0.02,0.3,0.025,0.2,0,0,0,0.05,500,0.3,0.025,0.2,0.2,0.025,0.3,0.025,-0.2,0.2,0.025,0,0,0,0,1,0,0,9.81,0,0,0,0,00,0.00,0
11.07867,0,0.4223766,-0.2759202,0.3652267,50.43,264.07,23.98999,0.02,0,0.2483612,-0.1868424,-0.2465833,318.19,17.82001,186.5,0.02,0.3,0.025,0.2,0,0,0,0.05,500,0.3,0.025,0.2,0.2,0.025,0.3,0.025,-0.2,0.2,0.025,0,0,0,0,1,0,0,9.81,0,0,0,0,00,0.00,0
11.09071,0,0.4223766,-0.2754884,0.3652267,50.52,264.13,23.95,0.02,0,0.2483612,-0.1868424,-0.2465833,318.19,17.82001,186.5,0.02,0.3,0.025,0.2,0,0,0,0.05,500,0.3,0.025,0.2,0.2,0.025,0.3,0.025,-0.2,0.2,0.025,0,0,0,0,1,0,0,9.81,0,0,0,0,00,0.00,0
11.09983,0,0.4223766,-0.2754884,0.3652267,50.52,264.13,23.95,0.02,0,0.2483612,-0.1868424,-0.2465833,318.19,17.82001,186.5,0.02,0.3,0.025,0.2,0,0,0,0.05,500,0.3,0.025,0.2,0.2,0.025,0.3,0.025,-0.2,0.2,0.025,0,0,0,0,1,0,0,9.81,0,0,0,0,00,0.00,0
11.11096,0,0.4227068,-0.2743708,0.3648964,50.67001,264.31,23.88,0.02,0,0.2483612,-0.1868424,-0.2465833,318.19,17.82001,186.5,0.02,0.3,0.025,0.2,0,0,0,0.05,500,0.3,0.025,0.2,0.2,0.025,0.3,0.025,-0.2,0.2,0.025,0,0,0,0,1,0,0,9.81,0,0,0,0,00,0.00,0
11.12071,0,0.4228084,-0.2744724,0.3644392,50.71,264.31,23.91,0.02,0,0.2483612,-0.1868424,-0.2465833,318.19,17.82001,186.5,0.02,0.3,0.025,0.2,0,0,0,0.05,500,0.3,0.025,0.2,0.2,0.025,0.3,0.025,-0.2,0.2,0.025,0,0,0,0,1,0,0,9.81,0,0,0,0,00,0.00,0
11.13049,0,0.423037,-0.2745995,0.3641091,50.71,264.24,23.93001,0.02,0,0.2483612,-0.1868424,-0.2465833,318.19,17.82001,186.5,0.02,0.3,0.025,0.2,0,0,0,0.05,500,0.3,0.025,0.2,0.2,0.025,0.3,0.025,-0.2,0.2,0.025,0,0,0,0,1,0,0,9.81,0,0,0,0,00,0.00,0
11.14167,0,0.4232656,-0.2747011,0.3638805,50.71,264.24,23.95001,0.02,0,0.2483612,-0.1868424,-0.2465833,318.19,17.82001,186.5,0.02,0.3,0.025,0.2,0,0,0,0.05,500,0.3,0.025,0.2,0.2,0.025,0.3,0.025,-0.2,0.2,0.025,0,0,0,0,1,0,0,9.81,0,0,0,0,00,0.00,0
11.15171,0,0.4237228,-0.2750313,0.3636519,50.73,264.18,23.98999,0.02,0,0.2483612,-0.1867408,-0.2465833,318.19,17.82001,186.5,0.02,0.3,0.025,0.2,0,0,0,0.05,500,0.3,0.025,0.2,0.2,0.025,0.3,0.025,-0.2,0.2,0.025,0,0,0,0,1,0,0,9.81,0,0,0,0,00,0.00,0
11.16237,0,0.423926,-0.2754884,0.3634486,50.72999,264.11,24.02,0.02,0,0.2483612,-0.1867408,-0.2465833,318.19,17.82001,186.5,0.02,0.3,0.025,0.2,0,0,0,0.05,500,0.3,0.025,0.2,0.2,0.025,0.3,0.025,-0.2,0.2,0.025,0,0,0,0,1,0,0,9.81,0,0,0,0,00,0.00,0
11.17297,0,0.4242816,-0.2753614,0.3634486,50.76001,264.11,24.02,0.02,0,0.2483612,-0.1867408,-0.2465833,318.19,17.82001,186.5,0.02,0.3,0.025,0.2,0,0,0,0.05,500,0.3,0.025,0.2,0.2,0.025,0.3,0.025,-0.2,0.2,0.025,0,0,0,0,1,0,0,9.81,0,0,0,0,00,0.00,0
11.18407,0,0.4244848,-0.2752599,0.3634486,50.82,264.16,23.97001,0.02,0,0.2483612,-0.1867408,-0.2465833,318.19,17.82001,186.5,0.02,0.3,0.025,0.2,0,0,0,0.05,500,0.3,0.025,0.2,0.2,0.025,0.3,0.025,-0.2,0.2,0.025,0,0,0,0,1,0,0,9.81,0,0,0,0,00,0.00,0
11.19331,0,0.4243832,-0.2752599,0.3634486,50.84001,264.16,23.97001,0.02,0,0.2483612,-0.1867408,-0.2465833,318.19,17.82001,186.5,0.02,0.3,0.025,0.2,0,0,0,0.05,500,0.3,0.025,0.2,0.2,0.025,0.3,0.025,-0.2,0.2,0.025,0,0,0,0,1,0,0,9.81,0,0,0,0,00,0.00,0
11.20387,0,0.4243832,-0.2749296,0.3635502,50.84002,264.2,23.93001,0.02,0,0.2483612,-0.1867408,-0.2465833,318.19,17.82001,186.5,0.02,0.3,0.025,0.2,0,0,0,0.05,500,0.3,0.025,0.2,0.2,0.025,0.3,0.025,-0.2,0.2,0.025,0,0,0,0,1,0,0,9.81,0,0,0,0,00,0.00,0
11.21432,0,0.4242816,-0.2745995,0.3636519,50.89001,264.24,23.90999,0.02,0,0.2483612,-0.1867408,-0.2465833,318.19,17.82001,186.5,0.02,0.3,0.025,0.2,0,0,0,0.05,500,0.3,0.025,0.2,0.2,0.025,0.3,0.025,-0.2,0.2,0.025,0,0,0,0,1,0,0,9.81,0,0,0,0,00,0.00,0
11.22431,0,0.424053,-0.2743708,0.3638805,50.89,264.31,23.86,0.02,0,0.2483612,-0.1867408,-0.2465833,318.19,17.82001,186.5,0.02,0.3,0.025,0.2,0,0,0,0.05,500,0.3,0.025,0.2,0.2,0.025,0.3,0.025,-0.2,0.2,0.025,0,0,0,0,1,0,0,9.81,0,0,0,0,00,0.00,0
11.23585,0,0.4237228,-0.2735834,0.3645662,50.87,264.44,23.73,0.02,0,0.2483612,-0.1867408,-0.2465833,318.19,17.82001,186.5,0.02,0.3,0.025,0.2,0,0,0,0.05,500,0.3,0.025,0.2,0.2,0.025,0.3,0.025,-0.2,0.2,0.025,0,0,0,0,1,0,0,9.81,0,0,0,0,00,0.00,0
11.24523,0,0.4235958,-0.2734818,0.364998,50.84001,264.51,23.66,0.02,0,0.2483612,-0.1867408,-0.2465833,318.19,17.82001,186.5,0.02,0.3,0.025,0.2,0,0,0,0.05,500,0.3,0.025,0.2,0.2,0.025,0.3,0.025,-0.2,0.2,0.025,0,0,0,0,1,0,0,9.81,0,0,0,0,00,0.00,0
11.25662,0,0.4235958,-0.2739137,0.3652267,50.78001,264.44,23.68999,0.02,0,0.2483612,-0.1867408,-0.2465833,318.19,17.82001,186.5,0.02,0.3,0.025,0.2,0,0,0,0.05,500,0.3,0.025,0.2,0.2,0.025,0.3,0.025,-0.2,0.2,0.025,0,0,0,0,1,0,0,9.81,0,0,0,0,00,0.00,0
11.2667,0,0.4237228,-0.2743708,0.3652267,50.73,264.4,23.68999,0.02,0,0.2483612,-0.1868424,-0.2465833,318.19,17.82001,186.5,0.02,0.3,0.025,0.2,0,0,0,0.05,500,0.3,0.025,0.2,0.2,0.025,0.3,0.025,-0.2,0.2,0.025,0,0,0,0,1,0,0,9.81,0,0,0,0,00,0.00,0
11.27547,0,0.4237228,-0.2743708,0.3652267,50.73,264.4,23.68999,0.02,0,0.2483612,-0.1868424,-0.2465833,318.19,17.82001,186.5,0.02,0.3,0.025,0.2,0,0,0,0.05,500,0.3,0.025,0.2,0.2,0.025,0.3,0.025,-0.2,0.2,0.025,0,0,0,0,1,0,0,9.81,0,0,0,0,00,0.00,0
11.28704,0,0.4242816,-0.2762505,0.3645662,50.67,264.11,23.84,0.02,0,0.2483612,-0.1868424,-0.2465833,318.19,17.82001,186.5,0.02,0.3,0.025,0.2,0,0,0,0.05,500,0.3,0.025,0.2,0.2,0.025,0.3,0.025,-0.2,0.2,0.025,0,0,0,0,1,0,0,9.81,0,0,0,0,00,0.00,0
11.29792,0,0.4250436,-0.2787143,0.3628899,50.69,263.83,23.98999,0.02,0,0.2483612,-0.1868424,-0.2465833,318.19,17.82001,186.5,0.02,0.3,0.025,0.2,0,0,0,0.05,500,0.3,0.025,0.2,0.2,0.025,0.3,0.025,-0.2,0.2,0.025,0,0,0,0,1,0,0,9.81,0,0,0,0,00,0.00,0
11.3074,0,0.4247134,-0.2797302,0.3621024,50.63001,263.67,24.08001,0.02,0,0.2483612,-0.1868424,-0.2465833,318.19,17.82001,186.5,0.02,0.3,0.025,0.2,0,0,0,0.05,500,0.3,0.025,0.2,0.2,0.025,0.3,0.025,-0.2,0.2,0.025,0,0,0,0,1,0,0,9.81,0,0,0,0,00,0.00,0
11.31893,0,0.4244848,-0.2794,0.3623311,50.63,263.74,24.04,0.02,0,0.2483612,-0.1868424,-0.2465833,318.19,17.82001,186.5,0.02,0.3,0.025,0.2,0,0,0,0.05,500,0.3,0.025,0.2,0.2,0.025,0.3,0.025,-0.2,0.2,0.025,0,0,0,0,1,0,0,9.81,0,0,0,0,00,0.00,0
11.32852,0,0.4247134,-0.2789429,0.3623311,50.73001,263.85,23.98999,0.02,0,0.2483612,-0.1868424,-0.2465833,318.19,17.82001,186.5,0.02,0.3,0.025,0.2,0,0,0,0.05,500,0.3,0.025,0.2,0.2,0.025,0.3,0.025,-0.2,0.2,0.025,0,0,0,0,1,0,0,9.81,0,0,0,0,00,0.00,0
11.33868,0,0.4247134,-0.2791715,0.3622041,50.76001,263.83,24.01999,0.02,0,0.2483612,-0.1868424,-0.2465833,318.19,17.82001,186.5,0.02,0.3,0.025,0.2,0,0,0,0.05,500,0.3,0.025,0.2,0.2,0.025,0.3,0.025,-0.2,0.2,0.025,0,0,0,0,1,0,0,9.81,0,0,0,0,00,0.00,0
11.34981,0,0.4248404,-0.2791715,0.3619755,50.76001,263.83,24.04,0.02,0,0.2483612,-0.1868424,-0.2465833,318.19,17.82001,186.5,0.02,0.3,0.025,0.2,0,0,0,0.05,500,0.3,0.025,0.2,0.2,0.025,0.3,0.025,-0.2,0.2,0.025,0,0,0,0,1,0,0,9.81,0,0,0,0,00,0.00,0
11.35939,0,0.4250436,-0.2789429,0.3618738,50.82001,263.85,24.04,0.02,0,0.2483612,-0.1868424,-0.2465833,318.19,17.82001,186.5,0.02,0.3,0.025,0.2,0,0,0,0.05,500,0.3,0.025,0.2,0.2,0.025,0.3,0.025,-0.2,0.2,0.025,0,0,0,0,1,0,0,9.81,0,0,0,0,00,0.00,0
11.37131,0,0.4252722,-0.2790444,0.3615437,50.87001,263.85,24.06,0.02,0,0.2483612,-0.1867408,-0.2465833,318.19,17.82001,186.5,0.02,0.3,0.025,0.2,0,0,0,0.05,500,0.3,0.025,0.2,0.2,0.025,0.3,0.025,-0.2,0.2,0.025,0,0,0,0,1,0,0,9.81,0,0,0,0,00,0.00,0
11.38121,0,0.4253992,-0.2787143,0.3614167,50.89001,263.89,24.06001,0.02,0,0.2483612,-0.1867408,-0.2465833,318.19,17.82001,186.5,0.02,0.3,0.025,0.2,0,0,0,0.05,500,0.3,0.025,0.2,0.2,0.025,0.3,0.025,-0.2,0.2,0.025,0,0,0,0,1,0,0,9.81,0,0,0,0,00,0.00,0
11.39225,0,0.4257294,-0.2780538,0.3614167,50.95001,263.98,24.02,0.02,0,0.2483612,-0.1867408,-0.2465833,318.19,17.82001,186.5,0.02,0.3,0.025,0.2,0,0,0,0.05,500,0.3,0.025,0.2,0.2,0.025,0.3,0.025,-0.2,0.2,0.025,0,0,0,0,1,0,0,9.81,0,0,0,0,00,0.00,0
11.40223,0,0.425831,-0.2768092,0.3619755,51.06,264.2,23.92999,0.02,0,0.2483612,-0.1867408,-0.2465833,318.19,17.82001,186.5,0.02,0.3,0.025,0.2,0,0,0,0.05,500,0.3,0.025,0.2,0.2,0.025,0.3,0.025,-0.2,0.2,0.025,0,0,0,0,1,0,0,9.81,0,0,0,0,00,0.00,0
11.41189,0,0.4257294,-0.2758187,0.3627628,51.04,264.37,23.85999,0.02,0,0.2483612,-0.1867408,-0.2465833,318.19,17.82001,186.5,0.02,0.3,0.025,0.2,0,0,0,0.05,500,0.3,0.025,0.2,0.2,0.025,0.3,0.025,-0.2,0.2,0.025,0,0,0,0,1,0,0,9.81,0,0,0,0,00,0.00,0
11.42368,0,0.4255008,-0.2739137,0.3644392,51.05999,264.75,23.66,0.02,0,0.2483612,-0.1867408,-0.2465833,318.19,17.82001,186.5,0.02,0.3,0.025,0.2,0,0,0,0.05,500,0.3,0.025,0.2,0.2,0.025,0.3,0.025,-0.2,0.2,0.025,0,0,0,0,1,0,0,9.81,0,0,0,0,00,0.00,0
11.43318,0,0.4255008,-0.2739137,0.3644392,51.05999,264.75,23.66,0.02,0,0.2483612,-0.1867408,-0.2465833,318.19,17.82001,186.5,0.02,0.3,0.025,0.2,0,0,0,0.05,500,0.3,0.025,0.2,0.2,0.025,0.3,0.025,-0.2,0.2,0.025,0,0,0,0,1,0,0,9.81,0,0,0,0,00,0.00,0
11.44344,0,0.4237228,-0.2735834,0.3661156,50.91001,264.9,23.58,0.02,0,0.2483612,-0.1867408,-0.2465833,318.19,17.82001,186.5,0.02,0.3,0.025,0.2,0,0,0,0.05,500,0.3,0.025,0.2,0.2,0.025,0.3,0.025,-0.2,0.2,0.025,0,0,0,0,1,0,0,9.81,0,0,0,0,00,0.00,0
11.45356,0,0.4226052,-0.2740406,0.3665729,50.73001,264.88,23.54999,0.02,0,0.2483612,-0.1867408,-0.2465833,318.19,17.82001,186.5,0.02,0.3,0.025,0.2,0,0,0,0.05,500,0.3,0.025,0.2,0.2,0.025,0.3,0.025,-0.2,0.2,0.025,0,0,0,0,1,0,0,9.81,0,0,0,0,00,0.00,0
11.46438,0,0.4218178,-0.2748026,0.3662173,50.65001,264.73,23.6,0.02,0,0.2483612,-0.1867408,-0.2465833,318.19,17.82001,186.5,0.02,0.3,0.025,0.2,0,0,0,0.05,500,0.3,0.025,0.2,0.2,0.025,0.3,0.025,-0.2,0.2,0.025,0,0,0,0,1,0,0,9.81,0,0,0,0,00,0.00,0
11.47431,0,0.421259,-0.2755901,0.365887,50.54001,264.57,23.62001,0.02,0,0.2483612,-0.1867408,-0.2465833,318.19,17.82001,186.5,0.02,0.3,0.025,0.2,0,0,0,0.05,500,0.3,0.025,0.2,0.2,0.025,0.3,0.025,-0.2,0.2,0.025,0,0,0,0,1,0,0,9.81,0,0,0,0,00,0.00,0
11.48495,0,0.42037,-0.2763774,0.3657854,50.3,264.42,23.62,0.02,0,0.2483612,-0.1867408,-0.2465833,318.19,17.82001,186.5,0.02,0.3,0.025,0.2,0,0,0,0.05,500,0.3,0.025,0.2,0.2,0.025,0.3,0.025,-0.2,0.2,0.025,0,0,0,0,1,0,0,9.81,0,0,0,0,00,0.00,0
11.49493,0,0.4201414,-0.2770378,0.3657854,50.14,264.31,23.60001,0.02,0,0.2483612,-0.1867408,-0.2465833,318.19,17.82001,186.5,0.02,0.3,0.025,0.2,0,0,0,0.05,500,0.3,0.025,0.2,0.2,0.025,0.3,0.025,-0.2,0.2,0.025,0,0,0,0,1,0,0,9.81,0,0,0,0,00,0.00,0
11.50564,0,0.420243,-0.2782825,0.3654552,49.97001,264.09,23.66,0.02,0,0.2483612,-0.1868424,-0.2465833,318.19,17.82001,186.5,0.02,0.3,0.025,0.2,0,0,0,0.05,500,0.3,0.025,0.2,0.2,0.025,0.3,0.025,-0.2,0.2,0.025,0,0,0,0,1,0,0,9.81,0,0,0,0,00,0.00,0
11.5166,0,0.4214876,-0.2788412,0.3654552,49.90001,264.05,23.70999,0.02,0,0.2483612,-0.1868424,-0.2465833,318.19,17.82001,186.5,0.02,0.3,0.025,0.2,0,0,0,0.05,500,0.3,0.025,0.2,0.2,0.025,0.3,0.025,-0.2,0.2,0.025,0,0,0,0,1,0,0,9.81,0,0,0,0,00,0.00,0
11.52612,0,0.423037,-0.2799335,0.3647695,49.91999,263.94,23.83998,0.02,0,0.2483612,-0.1868424,-0.2464563,318.19,17.82001,186.5,0.02,0.3,0.025,0.2,0,0,0,0.05,500,0.3,0.025,0.2,0.2,0.025,0.3,0.025,-0.2,0.2,0.025,0,0,0,0,1,0,0,9.81,0,0,0,0,00,0.00,0
11.53758,0,0.4255008,-0.2812796,0.3637788,50.10001,263.78,24.06,0.02,0,0.2483612,-0.1868424,-0.2465833,318.19,17.82001,186.5,0.02,0.3,0.025,0.2,0,0,0,0.05,500,0.3,0.025,0.2,0.2,0.025,0.3,0.025,-0.2,0.2,0.025,0,0,0,0,1,0,0,9.81,0,0,0,0,00,0.00,0
11.54685,0,0.4263898,-0.2814067,0.3634486,50.16,263.85,24.15,0.02,0,0.2483612,-0.1868424,-0.2465833,318.19,17.82001,186.5,0.02,0.3,0.025,0.2,0,0,0,0.05,500,0.3,0.025,0.2,0.2,0.025,0.3,0.025,-0.2,0.2,0.025,0,0,0,0,1,0,0,9.81,0,0,0,0,00,0.00,0
11.55731,0,0.42672,-0.2815083,0.3633217,50.23001,263.89,24.19,0.02,0,0.2483612,-0.1868424,-0.2465833,318.19,17.82001,186.5,0.02,0.3,0.025,0.2,0,0,0,0.05,500,0.3,0.025,0.2,0.2,0.025,0.3,0.025,-0.2,0.2,0.025,0,0,0,0,1,0,0,9.81,0,0,0,0,00,0.00,0
11.56854,0,0.425958,-0.281051,0.3636519,50.21,263.94,24.15,0.02,0,0.2483612,-0.1868424,-0.2465833,318.19,17.82001,186.5,0.02,0.3,0.025,0.2,0,0,0,0.05,500,0.3,0.025,0.2,0.2,0.025,0.3,0.025,-0.2,0.2,0.025,0,0,0,0,1,0,0,9.81,0,0,0,0,00,0.00,0
11.57814,0,0.4257294,-0.2807209,0.3637788,50.23,264,24.1,0.02,0,0.2483612,-0.1868424,-0.2465833,318.19,17.82001,186.5,0.02,0.3,0.025,0.2,0,0,0,0.05,500,0.3,0.025,0.2,0.2,0.025,0.3,0.025,-0.2,0.2,0.025,0,0,0,0,1,0,0,9.81,0,0,0,0,00,0.00,0
11.58938,0,0.4253992,-0.2800605,0.3643377,50.23,264.09,24.02,0.02,0,0.2483612,-0.1867408,-0.2465833,318.19,17.82001,186.5,0.02,0.3,0.025,0.2,0,0,0,0.05,500,0.3,0.025,0.2,0.2,0.025,0.3,0.025,-0.2,0.2,0.025,0,0,0,0,1,0,0,9.81,0,0,0,0,00,0.00,0
11.5996,0,0.4253992,-0.2800605,0.3643377,50.23,264.09,24.02,0.02,0,0.2483612,-0.1867408,-0.2465833,318.19,17.82001,186.5,0.02,0.3,0.025,0.2,0,0,0,0.05,500,0.3,0.025,0.2,0.2,0.025,0.3,0.025,-0.2,0.2,0.025,0,0,0,0,1,0,0,9.81,0,0,0,0,00,0.00,0
11.60986,0,0.4250436,-0.2760472,0.3660141,50.49001,264.75,23.6,0.02,0,0.2483612,-0.1867408,-0.2465833,318.19,17.82001,186.5,0.02,0.3,0.025,0.2,0,0,0,0.05,500,0.3,0.025,0.2,0.2,0.025,0.3,0.025,-0.2,0.2,0.025,0,0,0,0,1,0,0,9.81,0,0,0,0,00,0.00,0
11.62018,0,0.4256024,-0.2758187,0.3653283,50.65,264.77,23.61999,0.02,0,0.2483612,-0.1867408,-0.2465833,318.19,17.82001,186.5,0.02,0.3,0.025,0.2,0,0,0,0.05,500,0.3,0.025,0.2,0.2,0.025,0.3,0.025,-0.2,0.2,0.025,0,0,0,0,1,0,0,9.81,0,0,0,0,00,0.00,0
11.63001,0,0.426847,-0.2756917,0.3645662,50.84,264.79,23.72999,0.02,0,0.2483612,-0.1867408,-0.2465833,318.19,17.82001,186.5,0.02,0.3,0.025,0.2,0,0,0,0.05,500,0.3,0.025,0.2,0.2,0.025,0.3,0.025,-0.2,0.2,0.025,0,0,0,0,1,0,0,9.81,0,0,0,0,00,0.00,0
11.64206,0,0.4278376,-0.2760473,0.3636519,50.98001,264.77,23.86,0.02,0,0.2483612,-0.1867408,-0.2465833,318.19,17.82001,186.5,0.02,0.3,0.025,0.2,0,0,0,0.05,500,0.3,0.025,0.2,0.2,0.025,0.3,0.025,-0.2,0.2,0.025,0,0,0,0,1,0,0,9.81,0,0,0,0,00,0.00,0
11.65144,0,0.428625,-0.2768092,0.3625343,51.10999,264.66,24.02,0.02,0,0.2483612,-0.1867408,-0.2465833,318.19,17.82001,186.5,0.02,0.3,0.025,0.2,0,0,0,0.05,500,0.3,0.025,0.2,0.2,0.025,0.3,0.025,-0.2,0.2,0.025,0,0,0,0,1,0,0,9.81,0,0,0,0,00,0.00,0
11.66185,0,0.4289552,-0.2770379,0.3621024,51.15,264.64,24.07999,0.02,0,0.2483612,-0.1867408,-0.2465833,318.19,17.82001,186.5,0.02,0.3,0.025,0.2,0,0,0,0.05,500,0.3,0.025,0.2,0.2,0.025,0.3,0.025,-0.2,0.2,0.025,0,0,0,0,1,0,0,9.81,0,0,0,0,00,0.00,0
11.67195,0,0.4291838,-0.2772665,0.3616453,51.22001,264.59,24.15001,0.02,0,0.2483612,-0.1867408,-0.2465833,318.19,17.82001,186.5,0.02,0.3,0.025,0.2,0,0,0,0.05,500,0.3,0.025,0.2,0.2,0.025,0.3,0.025,-0.2,0.2,0.025,0,0,0,0,1,0,0,9.81,0,0,0,0,00,0.00,0
11.68317,0,0.4288536,-0.2779269,0.3612134,51.22,264.51,24.24,0.02,0,0.2483612,-0.1867408,-0.2465833,318.19,17.82001,186.5,0.02,0.3,0.025,0.2,0,0,0,0.05,500,0.3,0.025,0.2,0.2,0.025,0.3,0.025,-0.2,0.2,0.025,0,0,0,0,1,0,0,9.81,0,0,0,0,00,0.00,0
11.69241,0,0.4282948,-0.2779269,0.3612134,51.15,264.48,24.20999,0.02,0,0.2483612,-0.1867408,-0.2465833,318.19,17.82001,186.5,0.02,0.3,0.025,0.2,0,0,0,0.05,500,0.3,0.025,0.2,0.2,0.025,0.3,0.025,-0.2,0.2,0.025,0,0,0,0,1,0,0,9.81,0,0,0,0,00,0.00,0
11.70329,0,0.427609,-0.2779269,0.3614167,51.05999,264.48,24.19,0.02,0,0.2483612,-0.1867408,-0.2465833,318.19,17.82001,186.5,0.02,0.3,0.025,0.2,0,0,0,0.05,500,0.3,0.025,0.2,0.2,0.025,0.3,0.025,-0.2,0.2,0.025,0,0,0,0,1,0,0,9.81,0,0,0,0,00,0.00,0
11.71358,0,0.426847,-0.2779269,0.3615437,50.98,264.46,24.17001,0.02,0,0.2483612,-0.1867408,-0.2465833,318.19,17.82001,186.5,0.02,0.3,0.025,0.2,0,0,0,0.05,500,0.3,0.025,0.2,0.2,0.025,0.3,0.025,-0.2,0.2,0.025,0,0,0,0,1,0,0,9.81,0,0,0,0,00,0.00,0
11.72382,0,0.4257294,-0.2778252,0.3622041,50.80002,264.46,24.1,0.02,0,0.2483612,-0.1867408,-0.2465833,318.19,17.82001,186.5,0.02,0.3,0.025,0.2,0,0,0,0.05,500,0.3,0.025,0.2,0.2,0.025,0.3,0.025,-0.2,0.2,0.025,0,0,0,0,1,0,0,9.81,0,0,0,0,00,0.00,0
11.73478,0,0.4242816,-0.2769362,0.3633217,50.54,264.55,23.95,0.02,0,0.2483612,-0.1867408,-0.2465833,318.19,17.82001,186.5,0.02,0.3,0.025,0.2,0,0,0,0.05,500,0.3,0.025,0.2,0.2,0.025,0.3,0.025,-0.2,0.2,0.025,0,0,0,0,1,0,0,9.81,0,0,0,0,00,0.00,0
11.74449,0,0.4234942,-0.2767076,0.3640075,50.43,264.57,23.88,0.02,0,0.2483612,-0.1867408,-0.2465833,318.19,17.82001,186.5,0.02,0.3,0.025,0.2,0,0,0,0.05,500,0.3,0.025,0.2,0.2,0.025,0.3,0.025,-0.2,0.2,0.025,0,0,0,0,1,0,0,9.81,0,0,0,0,00,0.00,0
11.7558,0,0.4224782,-0.2766061,0.3648964,50.21,264.55,23.86001,0.02,0,0.2483612,-0.1867408,-0.2465833,318.19,17.82001,186.5,0.02,0.3,0.025,0.2,0,0,0,0.05,500,0.3,0.025,0.2,0.2,0.025,0.3,0.025,-0.2,0.2,0.025,0,0,0,0,1,0,0,9.81,0,0,0,0,00,0.00,0
11.76569,0,0.4224782,-0.2766061,0.3648964,50.21,264.55,23.86001,0.02,0,0.2483612,-0.1867408,-0.2465833,318.19,17.82001,186.5,0.02,0.3,0.025,0.2,0,0,0,0.05,500,0.3,0.025,0.2,0.2,0.025,0.3,0.025,-0.2,0.2,0.025,0,0,0,0,1,0,0,9.81,0,0,0,0,00,0.00,0
11.77574,0,0.4229354,-0.2767076,0.364998,50.19001,264.53,23.95,0.02,0,0.2483612,-0.1867408,-0.2465833,318.19,17.82001,186.5,0.02,0.3,0.025,0.2,0,0,0,0.05,500,0.3,0.025,0.2,0.2,0.025,0.3,0.025,-0.2,0.2,0.025,0,0,0,0,1,0,0,9.81,0,0,0,0,00,0.00,0
11.78692,0,0.4232656,-0.2775967,0.3644392,50.19,264.37,24.08,0.02,0,0.2483612,-0.1867408,-0.2465833,318.19,17.82001,186.5,0.02,0.3,0.025,0.2,0,0,0,0.05,500,0.3,0.025,0.2,0.2,0.025,0.3,0.025,-0.2,0.2,0.025,0,0,0,0,1,0,0,9.81,0,0,0,0,00,0.00,0
11.79625,0,0.4235958,-0.2780538,0.3640075,50.21,264.31,24.14999,0.02,0,0.2483612,-0.1868424,-0.2465833,318.19,17.82001,186.5,0.02,0.3,0.025,0.2,0,0,0,0.05,500,0.3,0.025,0.2,0.2,0.025,0.3,0.025,-0.2,0.2,0.025,0,0,0,0,1,0,0,9.81,0,0,0,0,00,0.00,0
11.80795,0,0.4243832,-0.2790444,0.3629915,50.30001,264.18,24.3,0.02,0,0.2483612,-0.1868424,-0.2465833,318.19,17.82001,186.5,0.02,0.3,0.025,0.2,0,0,0,0.05,500,0.3,0.025,0.2,0.2,0.025,0.3,0.025,-0.2,0.2,0.025,0,0,0,0,1,0,0,9.81,0,0,0,0,00,0.00,0
11.81758,0,0.4247134,-0.2799335,0.3619755,50.36001,264.05,24.43,0.02,0,0.2483612,-0.1868424,-0.2465833,318.19,17.82001,186.5,0.02,0.3,0.025,0.2,0,0,0,0.05,500,0.3,0.025,0.2,0.2,0.025,0.3,0.025,-0.2,0.2,0.025,0,0,0,0,1,0,0,9.81,0,0,0,0,00,0.00,0
11.82835,0,0.4252722,-0.2802891,0.3599688,50.65001,263.98,24.56999,0.02,0,0.2483612,-0.1868424,-0.2465833,318.19,17.82001,186.5,0.02,0.3,0.025,0.2,0,0,0,0.05,500,0.3,0.025,0.2,0.2,0.025,0.3,0.025,-0.2,0.2,0.025,0,0,0,0,1,0,0,9.81,0,0,0,0,00,0.00,0
11.83871,0,0.424942,-0.280162,0.3598673,50.67,263.98,24.51999,0.02,0,0.2483612,-0.1868424,-0.2465833,318.19,17.82001,186.5,0.02,0.3,0.025,0.2,0,0,0,0.05,500,0.3,0.025,0.2,0.2,0.025,0.3,0.025,-0.2,0.2,0.025,0,0,0,0,1,0,0,9.81,0,0,0,0,00,0.00,0
11.8483,0,0.4246118,-0.2796032,0.3598673,50.67001,264.05,24.46,0.02,0,0.2483612,-0.1868424,-0.2465833,318.19,17.82001,186.5,0.02,0.3,0.025,0.2,0,0,0,0.05,500,0.3,0.025,0.2,0.2,0.025,0.3,0.025,-0.2,0.2,0.025,0,0,0,0,1,0,0,9.81,0,0,0,0,00,0.00,0
11.8602,0,0.4243832,-0.2794001,0.3600959,50.65001,264.07,24.38999,0.02,0,0.2483612,-0.1867408,-0.2465833,318.19,17.82001,186.5,0.02,0.3,0.025,0.2,0,0,0,0.05,500,0.3,0.025,0.2,0.2,0.025,0.3,0.025,-0.2,0.2,0.025,0,0,0,0,1,0,0,9.81,0,0,0,0,00,0.00,0
11.87277,0,0.4241546,-0.2792731,0.3601975,50.60001,264.07,24.34999,0.02,0,0.2483612,-0.1867408,-0.2465833,318.19,17.82001,186.5,0.02,0.3,0.025,0.2,0,0,0,0.05,500,0.3,0.025,0.2,0.2,0.025,0.3,0.025,-0.2,0.2,0.025,0,0,0,0,1,0,0,9.81,0,0,0,0,00,0.00,0
11.88204,0,0.4237228,-0.2789429,0.3607562,50.47002,264.09,24.26,0.02,0,0.2483612,-0.1867408,-0.2465833,318.19,17.82001,186.5,0.02,0.3,0.025,0.2,0,0,0,0.05,500,0.3,0.025,0.2,0.2,0.025,0.3,0.025,-0.2,0.2,0.025,0,0,0,0,1,0,0,9.81,0,0,0,0,00,0.00,0
11.89031,0,0.4233672,-0.2789429,0.3612134,50.32,264.09,24.17001,0.02,0,0.2483612,-0.1868424,-0.2465833,318.19,17.82001,186.5,0.02,0.3,0.025,0.2,0,0,0,0.05,500,0.3,0.025,0.2,0.2,0.025,0.3,0.025,-0.2,0.2,0.025,0,0,0,0,1,0,0,9.81,0,0,0,0,00,0.00,0
11.90242,0,0.4227068,-0.2795016,0.3623311,49.94002,264,24.1,0.02,0,0.2483612,-0.1868424,-0.2465833,318.19,17.82001,186.5,0.02,0.3,0.025,0.2,0,0,0,0.05,500,0.3,0.025,0.2,0.2,0.025,0.3,0.025,-0.2,0.2,0.025,0,0,0,0,1,0,0,9.81,0,0,0,0,00,0.00,0
11.91298,0,0.4229354,-0.2799335,0.3627628,49.77,263.98,24.10001,0.02,0,0.2483612,-0.1868424,-0.2464563,318.19,17.82001,186.5,0.02,0.3,0.025,0.2,0,0,0,0.05,500,0.3,0.025,0.2,0.2,0.025,0.3,0.025,-0.2,0.2,0.025,0,0,0,0,1,0,0,9.81,0,0,0,0,00,0.00,0
11.92181,0,0.4229354,-0.2799335,0.3627628,49.77,263.98,24.10001,0.02,0,0.2483612,-0.1868424,-0.2464563,318.19,17.82001,186.5,0.02,0.3,0.025,0.2,0,0,0,0.05,500,0.3,0.025,0.2,0.2,0.025,0.3,0.025,-0.2,0.2,0.025,0,0,0,0,1,0,0,9.81,0,0,0,0,00,0.00,0
11.93226,0,0.4237228,-0.281051,0.3635502,49.55,264.02,24.14999,0.02,0,0.2483612,-0.1868424,-0.2464563,318.19,17.82002,186.53,0.02,0.3,0.025,0.2,0,0,0,0.05,500,0.3,0.025,0.2,0.2,0.025,0.3,0.025,-0.2,0.2,0.025,0,0,0,0,1,0,0,9.81,0,0,0,0,00,0.00,0
11.94243,0,0.4243832,-0.2809494,0.3636519,49.59001,264.11,24.17,0.02,0,0.2483612,-0.1868424,-0.2464563,318.19,17.82002,186.53,0.02,0.3,0.025,0.2,0,0,0,0.05,500,0.3,0.025,0.2,0.2,0.025,0.3,0.025,-0.2,0.2,0.025,0,0,0,0,1,0,0,9.81,0,0,0,0,00,0.00,0
11.95343,0,0.4257294,-0.2803907,0.3636519,49.76999,264.31,24.17,0.02,0,0.2483612,-0.1868424,-0.2464563,318.19,17.82002,186.53,0.02,0.3,0.025,0.2,0,0,0,0.05,500,0.3,0.025,0.2,0.2,0.025,0.3,0.025,-0.2,0.2,0.025,0,0,0,0,1,0,0,9.81,0,0,0,0,00,0.00,0
11.96317,0,0.4260596,-0.2798318,0.3636519,49.88001,264.44,24.15,0.02,0,0.2483612,-0.1868424,-0.2464563,318.19,17.82002,186.53,0.02,0.3,0.025,0.2,0,0,0,0.05,500,0.3,0.025,0.2,0.2,0.025,0.3,0.025,-0.2,0.2,0.025,0,0,0,0,1,0,0,9.81,0,0,0,0,00,0.00,0
11.97435,0,0.4260596,-0.2795016,0.3637788,49.91999,264.51,24.1,0.02,0,0.2483612,-0.1868424,-0.2464563,318.19,17.82001,186.5,0.02,0.3,0.025,0.2,0,0,0,0.05,500,0.3,0.025,0.2,0.2,0.025,0.3,0.025,-0.2,0.2,0.025,0,0,0,0,1,0,0,9.81,0,0,0,0,00,0.00,0
11.98413,0,0.4260596,-0.2788413,0.3638805,50.03,264.62,24.08,0.02,0,0.2483612,-0.1868424,-0.2464563,318.19,17.82001,186.5,0.02,0.3,0.025,0.2,0,0,0,0.05,500,0.3,0.025,0.2,0.2,0.025,0.3,0.025,-0.2,0.2,0.025,0,0,0,0,1,0,0,9.81,0,0,0,0,00,0.00,0
11.99389,0,0.425831,-0.2784857,0.3638805,50.05,264.66,24.03998,0.02,0,0.2483612,-0.1868424,-0.2464563,318.19,17.82001,186.5,0.02,0.3,0.025,0.2,0,0,0,0.05,500,0.3,0.025,0.2,0.2,0.025,0.3,0.025,-0.2,0.2,0.025,0,0,0,0,1,0,0,9.81,0,0,0,0,00,0.00,0
12.00532,0,0.4247134,-0.2777237,0.3638805,50.12,264.75,23.98999,0.02,0,0.2483612,-0.1868424,-0.2464563,318.19,17.82001,186.5,0.02,0.3,0.025,0.2,0,0,0,0.05,500,0.3,0.025,0.2,0.2,0.025,0.3,0.025,-0.2,0.2,0.025,0,0,0,0,1,0,0,9.81,0,0,0,0,00,0.00,0
12.01461,0,0.4238244,-0.2768092,0.3638805,50.23,264.86,23.93,0.02,0,0.2483612,-0.1868424,-0.2464563,318.19,17.82001,186.5,0.02,0.3,0.025,0.2,0,0,0,0.05,500,0.3,0.025,0.2,0.2,0.025,0.3,0.025,-0.2,0.2,0.025,0,0,0,0,1,0,0,9.81,0,0,0,0,00,0.00,0
12.02588,0,0.422275,-0.2761489,0.3633217,50.38,264.88,23.85999,0.02,0,0.2483612,-0.1868424,-0.2464563,318.19,17.82001,186.5,0.02,0.3,0.025,0.2,0,0,0,0.05,500,0.3,0.025,0.2,0.2,0.025,0.3,0.025,-0.2,0.2,0.025,0,0,0,0,1,0,0,9.81,0,0,0,0,00,0.00,0
12.03642,0,0.4207002,-0.2756917,0.3634486,50.40999,264.84,23.73,0.02,0,0.2483612,-0.1868424,-0.2464563,318.19,17.82001,186.5,0.02,0.3,0.025,0.2,0,0,0,0.05,500,0.3,0.025,0.2,0.2,0.025,0.3,0.025,-0.2,0.2,0.025,0,0,0,0,1,0,0,9.81,0,0,0,0,00,0.00,0
12.04672,0,0.4215892,-0.2758187,0.3628899,50.56,264.84,23.75,0.02,0,0.2483612,-0.1868424,-0.2464563,318.19,17.82001,186.5,0.02,0.3,0.025,0.2,0,0,0,0.05,500,0.3,0.025,0.2,0.2,0.025,0.3,0.025,-0.2,0.2,0.025,0,0,0,0,1,0,0,9.81,0,0,0,0,00,0.00,0
12.05706,0,0.4226052,-0.2764791,0.3624327,50.65,264.73,23.8,0.02,0,0.2483612,-0.1868424,-0.2464563,318.19,17.82001,186.5,0.02,0.3,0.025,0.2,0,0,0,0.05,500,0.3,0.025,0.2,0.2,0.025,0.3,0.025,-0.2,0.2,0.025,0,0,0,0,1,0,0,9.81,0,0,0,0,00,0.00,0
12.06718,0,0.4229354,-0.2770379,0.3623311,50.63,264.66,23.83999,0.02,0,0.2483612,-0.1868424,-0.2464563,318.19,17.82001,186.5,0.02,0.3,0.025,0.2,0,0,0,0.05,500,0.3,0.025,0.2,0.2,0.025,0.3,0.025,-0.2,0.2,0.025,0,0,0,0,1,0,0,9.81,0,0,0,0,00,0.00,0
12.07766,0,0.4229354,-0.2770379,0.3623311,50.63,264.66,23.83999,0.02,0,0.2483612,-0.1868424,-0.2464563,318.19,17.82001,186.5,0.02,0.3,0.025,0.2,0,0,0,0.05,500,0.3,0.025,0.2,0.2,0.025,0.3,0.025,-0.2,0.2,0.025,0,0,0,0,1,0,0,9.81,0,0,0,0,00,0.00,0
12.08991,0,0.4248404,-0.2787142,0.3621024,50.67,264.48,23.99,0.02,0,0.2483612,-0.1868424,-0.2464563,318.19,17.82001,186.5,0.02,0.3,0.025,0.2,0,0,0,0.05,500,0.3,0.025,0.2,0.2,0.025,0.3,0.025,-0.2,0.2,0.025,0,0,0,0,1,0,0,9.81,0,0,0,0,00,0.00,0
12.09845,0,0.4248404,-0.2787142,0.3621024,50.67,264.48,23.99,0.02,0,0.2483612,-0.1868424,-0.2464563,318.19,17.82001,186.5,0.02,0.3,0.025,0.2,0,0,0,0.05,500,0.3,0.025,0.2,0.2,0.025,0.3,0.025,-0.2,0.2,0.025,0,0,0,0,1,0,0,9.81,0,0,0,0,00,0.00,0
12.10931,0,0.4263898,-0.2803906,0.3613151,50.73001,264.29,24.28001,0.02,0,0.2483612,-0.1868424,-0.2464563,318.19,17.82001,186.5,0.02,0.3,0.025,0.2,0,0,0,0.05,500,0.3,0.025,0.2,0.2,0.025,0.3,0.025,-0.2,0.2,0.025,0,0,0,0,1,0,0,9.81,0,0,0,0,00,0.00,0
12.11995,0,0.4260596,-0.2814067,0.3608833,50.65002,264.13,24.39,0.02,0,0.2483612,-0.1868424,-0.2464563,318.19,17.82001,186.5,0.02,0.3,0.025,0.2,0,0,0,0.05,500,0.3,0.025,0.2,0.2,0.025,0.3,0.025,-0.2,0.2,0.025,0,0,0,0,1,0,0,9.81,0,0,0,0,00,0.00,0
12.12923,0,0.4256024,-0.2821687,0.3600959,50.56001,263.96,24.56999,0.02,0,0.2483612,-0.1868424,-0.2464563,318.19,17.82001,186.5,0.02,0.3,0.025,0.2,0,0,0,0.05,500,0.3,0.025,0.2,0.2,0.025,0.3,0.025,-0.2,0.2,0.025,0,0,0,0,1,0,0,9.81,0,0,0,0,00,0.00,0
12.14006,0,0.4257294,-0.2828544,0.3589783,50.58003,263.83,24.76,0.02,0,0.2483612,-0.1868424,-0.2464563,318.19,17.82001,186.5,0.02,0.3,0.025,0.2,0,0,0,0.05,500,0.3,0.025,0.2,0.2,0.025,0.3,0.025,-0.2,0.2,0.025,0,0,0,0,1,0,0,9.81,0,0,0,0,00,0.00,0
12.1506,0,0.4253992,-0.2841752,0.3573019,50.56001,263.58,25.05,0.02,0,0.2483612,-0.1868424,-0.2464563,318.19,17.82001,186.5,0.02,0.3,0.025,0.2,0,0,0,0.05,500,0.3,0.025,0.2,0.2,0.025,0.3,0.025,-0.2,0.2,0.025,0,0,0,0,1,0,0,9.81,0,0,0,0,00,0.00,0
12.16016,0,0.4257294,-0.2844039,0.3565145,50.56001,263.52,25.17999,0.02,0,0.2483612,-0.1868424,-0.2464563,318.19,17.82002,186.53,0.02,0.3,0.025,0.2,0,0,0,0.05,500,0.3,0.025,0.2,0.2,0.025,0.3,0.025,-0.2,0.2,0.025,0,0,0,0,1,0,0,9.81,0,0,0,0,00,0.00,0
12.17162,0,0.4261612,-0.2838451,0.3559557,50.69,263.61,25.22001,0.02,0,0.2483612,-0.1868424,-0.2464563,318.19,17.82002,186.53,0.02,0.3,0.025,0.2,0,0,0,0.05,500,0.3,0.025,0.2,0.2,0.025,0.3,0.025,-0.2,0.2,0.025,0,0,0,0,1,0,0,9.81,0,0,0,0,00,0.00,0
12.18132,0,0.4262882,-0.2832862,0.3560826,50.76001,263.69,25.2,0.02,0,0.2483612,-0.1868424,-0.2464563,318.19,17.82002,186.53,0.02,0.3,0.025,0.2,0,0,0,0.05,500,0.3,0.025,0.2,0.2,0.025,0.3,0.025,-0.2,0.2,0.025,0,0,0,0,1,0,0,9.81,0,0,0,0,00,0.00,0
12.19144,0,0.4262882,-0.2828544,0.3564129,50.76001,263.78,25.16,0.02,0,0.2483612,-0.1868424,-0.2464563,318.19,17.82002,186.53,0.02,0.3,0.025,0.2,0,0,0,0.05,500,0.3,0.025,0.2,0.2,0.025,0.3,0.025,-0.2,0.2,0.025,0,0,0,0,1,0,0,9.81,0,0,0,0,00,0.00,0
12.20243,0,0.4263898,-0.282067,0.3568447,50.77999,263.91,25.07,0.02,0,0.2483612,-0.1868424,-0.2464563,318.19,17.82002,186.53,0.02,0.3,0.025,0.2,0,0,0,0.05,500,0.3,0.025,0.2,0.2,0.025,0.3,0.025,-0.2,0.2,0.025,0,0,0,0,1,0,0,9.81,0,0,0,0,00,0.00,0
12.21226,0,0.4262882,-0.2816099,0.3573019,50.78,264,25,0.02,0,0.2483612,-0.1868424,-0.2464563,318.19,17.82002,186.53,0.02,0.3,0.025,0.2,0,0,0,0.05,500,0.3,0.025,0.2,0.2,0.025,0.3,0.025,-0.2,0.2,0.025,0,0,0,0,1,0,0,9.81,0,0,0,0,00,0.00,0
12.22376,0,0.4261612,-0.2810511,0.3580892,50.69002,264.09,24.92,0.02,0,0.2483612,-0.1868424,-0.2464563,318.19,17.82002,186.53,0.02,0.3,0.025,0.2,0,0,0,0.05,500,0.3,0.025,0.2,0.2,0.025,0.3,0.025,-0.2,0.2,0.025,0,0,0,0,1,0,0,9.81,0,0,0,0,00,0.00,0
12.23371,0,0.4260596,-0.2799335,0.3592069,50.69001,264.31,24.79,0.02,0,0.2483612,-0.1868424,-0.2464563,318.19,17.82002,186.53,0.02,0.3,0.025,0.2,0,0,0,0.05,500,0.3,0.025,0.2,0.2,0.025,0.3,0.025,-0.2,0.2,0.025,0,0,0,0,1,0,0,9.81,0,0,0,0,00,0.00,0
12.24429,0,0.4260596,-0.2799335,0.3592069,50.69001,264.31,24.79,0.02,0,0.2483612,-0.1868424,-0.2464563,318.19,17.82002,186.53,0.02,0.3,0.025,0.2,0,0,0,0.05,500,0.3,0.025,0.2,0.2,0.025,0.3,0.025,-0.2,0.2,0.025,0,0,0,0,1,0,0,9.81,0,0,0,0,00,0.00,0
12.25447,0,0.4250436,-0.2795016,0.3600959,50.56,264.4,24.67999,0.02,0,0.2483612,-0.1868424,-0.2465833,318.19,17.82002,186.53,0.02,0.3,0.025,0.2,0,0,0,0.05,500,0.3,0.025,0.2,0.2,0.025,0.3,0.025,-0.2,0.2,0.025,0,0,0,0,1,0,0,9.81,0,0,0,0,00,0.00,0
12.26487,0,0.424942,-0.2790444,0.3601975,50.59999,264.48,24.62999,0.02,0,0.2483612,-0.1868424,-0.2465833,318.19,17.82002,186.53,0.02,0.3,0.025,0.2,0,0,0,0.05,500,0.3,0.025,0.2,0.2,0.025,0.3,0.025,-0.2,0.2,0.025,0,0,0,0,1,0,0,9.81,0,0,0,0,00,0.00,0
12.27597,0,0.4247134,-0.2788413,0.3600959,50.67,264.51,24.60999,0.02,0,0.2483612,-0.1868424,-0.2465833,318.19,17.82002,186.53,0.02,0.3,0.025,0.2,0,0,0,0.05,500,0.3,0.025,0.2,0.2,0.025,0.3,0.025,-0.2,0.2,0.025,0,0,0,0,1,0,0,9.81,0,0,0,0,00,0.00,0
12.2857,0,0.4243832,-0.2781554,0.3603244,50.69,264.59,24.52,0.02,0,0.2483612,-0.1868424,-0.2465833,318.19,17.82002,186.53,0.02,0.3,0.025,0.2,0,0,0,0.05,500,0.3,0.025,0.2,0.2,0.025,0.3,0.025,-0.2,0.2,0.025,0,0,0,0,1,0,0,9.81,0,0,0,0,00,0.00,0
12.29603,0,0.4247134,-0.277495,0.3603244,50.8,264.68,24.45999,0.02,0,0.2483612,-0.1868424,-0.2465833,318.19,17.82002,186.53,0.02,0.3,0.025,0.2,0,0,0,0.05,500,0.3,0.025,0.2,0.2,0.025,0.3,0.025,-0.2,0.2,0.025,0,0,0,0,1,0,0,9.81,0,0,0,0,00,0.00,0
12.30621,0,0.4250436,-0.2768092,0.3603244,50.98,264.81,24.37001,0.02,0,0.2483612,-0.1868424,-0.2465833,318.19,17.82002,186.53,0.02,0.3,0.025,0.2,0,0,0,0.05,500,0.3,0.025,0.2,0.2,0.025,0.3,0.025,-0.2,0.2,0.025,0,0,0,0,1,0,0,9.81,0,0,0,0,00,0.00,0
12.31722,0,0.4252722,-0.2766061,0.360426,51.00001,264.84,24.32,0.02,0,0.2483612,-0.1868424,-0.2465833,318.19,17.82002,186.53,0.02,0.3,0.025,0.2,0,0,0,0.05,500,0.3,0.025,0.2,0.2,0.025,0.3,0.025,-0.2,0.2,0.025,0,0,0,0,1,0,0,9.81,0,0,0,0,00,0.00,0
12.32654,0,0.4256024,-0.2761489,0.3607562,51.04001,264.92,24.28001,0.02,0,0.2483612,-0.1868424,-0.2464563,318.19,17.82002,186.53,0.02,0.3,0.025,0.2,0,0,0,0.05,500,0.3,0.025,0.2,0.2,0.025,0.3,0.025,-0.2,0.2,0.025,0,0,0,0,1,0,0,9.81,0,0,0,0,00,0.00,0
12.33717,0,0.4260596,-0.2762505,0.3608833,51.06002,264.92,24.28001,0.02,0,0.2483612,-0.1868424,-0.2464563,318.19,17.82002,186.53,0.02,0.3,0.025,0.2,0,0,0,0.05,500,0.3,0.025,0.2,0.2,0.025,0.3,0.025,-0.2,0.2,0.025,0,0,0,0,1,0,0,9.81,0,0,0,0,00,0.00,0
12.34789,0,0.425831,-0.2764791,0.3613151,50.98,264.9,24.28,0.02,0,0.2483612,-0.1868424,-0.2465833,318.19,17.82002,186.53,0.02,0.3,0.025,0.2,0,0,0,0.05,500,0.3,0.025,0.2,0.2,0.025,0.3,0.025,-0.2,0.2,0.025,0,0,0,0,1,0,0,9.81,0,0,0,0,00,0.00,0
12.3576,0,0.4257294,-0.2766061,0.3613151,50.93001,264.88,24.28,0.02,0,0.2483612,-0.1868424,-0.2465833,318.19,17.82002,186.53,0.02,0.3,0.025,0.2,0,0,0,0.05,500,0.3,0.025,0.2,0.2,0.025,0.3,0.025,-0.2,0.2,0.025,0,0,0,0,1,0,0,9.81,0,0,0,0,00,0.00,0
12.36894,0,0.4253992,-0.2769362,0.3615437,50.89001,264.86,24.28,0.02,0,0.2483612,-0.1868424,-0.2465833,318.19,17.82002,186.53,0.02,0.3,0.025,0.2,0,0,0,0.05,500,0.3,0.025,0.2,0.2,0.025,0.3,0.025,-0.2,0.2,0.025,0,0,0,0,1,0,0,9.81,0,0,0,0,00,0.00,0
12.37851,0,0.4248404,-0.2770379,0.3621024,50.76001,264.88,24.24001,0.02,0,0.2483612,-0.1868424,-0.2465833,318.19,17.82002,186.53,0.02,0.3,0.025,0.2,0,0,0,0.05,500,0.3,0.025,0.2,0.2,0.025,0.3,0.025,-0.2,0.2,0.025,0,0,0,0,1,0,0,9.81,0,0,0,0,00,0.00,0
12.39018,0,0.4246118,-0.2772664,0.3622041,50.76001,264.88,24.24001,0.02,0,0.2483612,-0.1868424,-0.2465833,318.19,17.82002,186.53,0.02,0.3,0.025,0.2,0,0,0,0.05,500,0.3,0.025,0.2,0.2,0.025,0.3,0.025,-0.2,0.2,0.025,0,0,0,0,1,0,0,9.81,0,0,0,0,00,0.00,0
12.39993,0,0.4246118,-0.2772664,0.3622041,50.76001,264.88,24.24001,0.02,0,0.2483612,-0.1868424,-0.2465833,318.19,17.82002,186.53,0.02,0.3,0.025,0.2,0,0,0,0.05,500,0.3,0.025,0.2,0.2,0.025,0.3,0.025,-0.2,0.2,0.025,0,0,0,0,1,0,0,9.81,0,0,0,0,00,0.00,0
12.40989,0,0.423926,-0.2768092,0.3628899,50.63001,264.97,24.19001,0.02,0,0.2483612,-0.1868424,-0.2465833,318.19,17.82002,186.53,0.02,0.3,0.025,0.2,0,0,0,0.05,500,0.3,0.025,0.2,0.2,0.025,0.3,0.025,-0.2,0.2,0.025,0,0,0,0,1,0,0,9.81,0,0,0,0,00,0.00,0
12.42112,0,0.424053,-0.2766061,0.3627628,50.67,264.99,24.19,0.02,0,0.2483612,-0.1868424,-0.2465833,318.19,17.82001,186.5,0.02,0.3,0.025,0.2,0,0,0,0.05,500,0.3,0.025,0.2,0.2,0.025,0.3,0.025,-0.2,0.2,0.025,0,0,0,0,1,0,0,9.81,0,0,0,0,00,0.00,0
12.43033,0,0.4241546,-0.2766061,0.3627628,50.69,265.01,24.18999,0.02,0,0.2483612,-0.1868424,-0.2465833,318.19,17.82001,186.5,0.02,0.3,0.025,0.2,0,0,0,0.05,500,0.3,0.025,0.2,0.2,0.025,0.3,0.025,-0.2,0.2,0.025,0,0,0,0,1,0,0,9.81,0,0,0,0,00,0.00,0
12.44216,0,0.4242816,-0.276479,0.3627628,50.69,265.01,24.18999,0.02,0,0.2483612,-0.1868424,-0.2465833,318.19,17.82001,186.5,0.02,0.3,0.025,0.2,0,0,0,0.05,500,0.3,0.025,0.2,0.2,0.025,0.3,0.025,-0.2,0.2,0.025,0,0,0,0,1,0,0,9.81,0,0,0,0,00,0.00,0
12.45217,0,0.4243832,-0.2763775,0.3627628,50.71,265.03,24.19,0.02,0,0.2483612,-0.1868424,-0.2465833,318.19,17.82001,186.5,0.02,0.3,0.025,0.2,0,0,0,0.05,500,0.3,0.025,0.2,0.2,0.025,0.3,0.025,-0.2,0.2,0.025,0,0,0,0,1,0,0,9.81,0,0,0,0,00,0.00,0
12.46222,0,0.4243832,-0.2763775,0.3627628,50.71001,265.03,24.17,0.02,0,0.2483612,-0.1868424,-0.2465833,318.19,17.82001,186.5,0.02,0.3,0.025,0.2,0,0,0,0.05,500,0.3,0.025,0.2,0.2,0.025,0.3,0.025,-0.2,0.2,0.025,0,0,0,0,1,0,0,9.81,0,0,0,0,00,0.00,0
12.47273,0,0.4243832,-0.2762504,0.3629915,50.69,265.03,24.15,0.02,0,0.2483612,-0.1868424,-0.2465833,318.19,17.82001,186.5,0.02,0.3,0.025,0.2,0,0,0,0.05,500,0.3,0.025,0.2,0.2,0.025,0.3,0.025,-0.2,0.2,0.025,0,0,0,0,1,0,0,9.81,0,0,0,0,00,0.00,0
12.48791,0,0.4243832,-0.2759202,0.3633217,50.71,265.1,24.04001,0.02,0,0.2483612,-0.1868424,-0.2465833,318.19,17.82001,186.5,0.02,0.3,0.025,0.2,0,0,0,0.05,500,0.3,0.025,0.2,0.2,0.025,0.3,0.025,-0.2,0.2,0.025,0,0,0,0,1,0,0,9.81,0,0,0,0,00,0.00,0
12.49721,0,0.4242816,-0.2758187,0.3635502,50.73,265.12,23.96999,0.02,0,0.2483612,-0.1868424,-0.2465833,318.19,17.82001,186.5,0.02,0.3,0.025,0.2,0,0,0,0.05,500,0.3,0.025,0.2,0.2,0.025,0.3,0.025,-0.2,0.2,0.025,0,0,0,0,1,0,0,9.81,0,0,0,0,00,0.00,0
12.5062,0,0.4241546,-0.2753614,0.3642106,50.71,265.21,23.84,0.02,0,0.2483612,-0.1868424,-0.2465833,318.19,17.82001,186.5,0.02,0.3,0.025,0.2,0,0,0,0.05,500,0.3,0.025,0.2,0.2,0.025,0.3,0.025,-0.2,0.2,0.025,0,0,0,0,1,0,0,9.81,0,0,0,0,00,0.00,0
12.51446,0,0.4242816,-0.2749297,0.3645662,50.78001,265.3,23.75,0.02,0,0.2483612,-0.1868424,-0.2465833,318.19,17.82001,186.5,0.02,0.3,0.025,0.2,0,0,0,0.05,500,0.3,0.025,0.2,0.2,0.025,0.3,0.025,-0.2,0.2,0.025,0,0,0,0,1,0,0,9.81,0,0,0,0,00,0.00,0
12.52406,0,0.4242816,-0.2750313,0.3647695,50.8,265.32,23.71,0.02,0,0.2483612,-0.1868424,-0.2465833,318.19,17.82001,186.5,0.02,0.3,0.025,0.2,0,0,0,0.05,500,0.3,0.025,0.2,0.2,0.025,0.3,0.025,-0.2,0.2,0.025,0,0,0,0,1,0,0,9.81,0,0,0,0,00,0.00,0
12.53549,0,0.4242816,-0.2747011,0.3654552,50.77999,265.41,23.62001,0.02,0,0.2483612,-0.1868424,-0.2465833,318.19,17.82001,186.5,0.02,0.3,0.025,0.2,0,0,0,0.05,500,0.3,0.025,0.2,0.2,0.025,0.3,0.025,-0.2,0.2,0.025,0,0,0,0,1,0,0,9.81,0,0,0,0,00,0.00,0
12.54498,0,0.4243832,-0.2745995,0.3657854,50.78,265.45,23.57999,0.02,0,0.2483612,-0.1868424,-0.2465833,318.19,17.82001,186.5,0.02,0.3,0.025,0.2,0,0,0,0.05,500,0.3,0.025,0.2,0.2,0.025,0.3,0.025,-0.2,0.2,0.025,0,0,0,0,1,0,0,9.81,0,0,0,0,00,0.00,0
12.5555,0,0.4243832,-0.2745995,0.3657854,50.78,265.45,23.57999,0.02,0,0.2483612,-0.1868424,-0.2465833,318.19,17.82001,186.5,0.02,0.3,0.025,0.2,0,0,0,0.05,500,0.3,0.025,0.2,0.2,0.025,0.3,0.025,-0.2,0.2,0.025,0,0,0,0,1,0,0,9.81,0,0,0,0,00,0.00,0
12.56666,0,0.4242816,-0.2747011,0.3662173,50.67,265.47,23.55,0.02,0,0.2483612,-0.1868424,-0.2465833,318.19,17.82001,186.5,0.02,0.3,0.025,0.2,0,0,0,0.05,500,0.3,0.025,0.2,0.2,0.025,0.3,0.025,-0.2,0.2,0.025,0,0,0,0,1,0,0,9.81,0,0,0,0,00,0.00,0
12.5804,0,0.424053,-0.2744724,0.3664459,50.63001,265.52,23.52999,0.02,0,0.2483612,-0.1868424,-0.2464563,318.19,17.82002,186.53,0.02,0.3,0.025,0.2,0,0,0,0.05,500,0.3,0.025,0.2,0.2,0.025,0.3,0.025,-0.2,0.2,0.025,0,0,0,0,1,0,0,9.81,0,0,0,0,00,0.00,0
