Arduino desiredPos1 [mm],Arduino desiredPos2 [mm],Arduino finalPos1 [mm],Arduino finalPos2 [mm],Arduino Elapsed Time [ms],Unity Current Time [sec],Trial Number,IRL Timestamp
0.00,0.00,0.00,0.00,93498000.00,49.79,1.00,05-10-2021 11-17-38-77
0.00,0.00,0.00,0.00,93498048.00,49.79,1.00,05-10-2021 11-17-38-81
0.00,0.00,0.00,0.00,93498096.00,49.79,1.00,05-10-2021 11-17-38-82
0.00,0.00,0.00,0.00,93498144.00,0.02,1.00,05-10-2021 11-17-38-84
0.00,0.00,0.00,0.00,93498184.00,0.02,1.00,05-10-2021 11-17-38-84
0.00,0.00,0.00,0.00,93498232.00,0.02,1.00,05-10-2021 11-17-38-86
0.00,0.00,0.00,0.00,93498272.00,0.02,1.00,05-10-2021 11-17-38-87
0.00,0.00,0.00,0.00,93498320.00,0.02,1.00,05-10-2021 11-17-38-88
0.00,0.00,0.00,0.00,93498368.00,0.02,1.00,05-10-2021 11-17-38-89
0.00,0.00,0.00,0.00,93498408.00,0.02,1.00,05-10-2021 11-17-38-91
0.00,0.00,0.00,0.00,93498456.00,0.35,1.00,05-10-2021 11-17-38-91
0.00,0.00,0.00,0.00,93498496.00,0.35,1.00,05-10-2021 11-17-38-93
0.00,0.00,0.00,0.00,93498544.00,0.41,1.00,05-10-2021 11-17-39-00
0.00,0.00,0.00,0.00,93498640.00,0.41,1.00,05-10-2021 11-17-39-04
0.00,0.00,0.00,0.00,93498664.00,0.55,1.00,05-10-2021 11-17-39-09
0.00,0.00,0.00,0.00,93498704.00,0.61,1.00,05-10-2021 11-17-39-13
0.00,0.00,0.00,0.00,93498752.00,0.66,1.00,05-10-2021 11-17-39-18
0.00,0.00,0.00,0.00,93498800.00,0.70,1.00,05-10-2021 11-17-39-22
0.00,0.00,0.00,0.00,93498840.00,0.75,1.00,05-10-2021 11-17-39-27
0.00,0.00,0.00,0.00,93498888.00,0.79,1.00,05-10-2021 11-17-39-31
0.00,0.00,0.00,0.00,93498928.00,0.83,1.00,05-10-2021 11-17-39-36
0.00,0.00,0.00,0.00,93499024.00,0.92,1.00,05-10-2021 11-17-39-45
0.00,0.00,0.00,0.00,93499064.00,0.97,1.00,05-10-2021 11-17-39-49
0.00,0.00,0.00,0.00,93499112.00,1.01,1.00,05-10-2021 11-17-39-53
0.00,0.00,0.00,0.00,93499152.00,1.06,1.00,05-10-2021 11-17-39-58
0.00,0.00,0.00,0.00,93499200.00,1.10,1.00,05-10-2021 11-17-39-62
0.00,0.00,0.00,0.00,93499248.00,1.14,1.00,05-10-2021 11-17-39-67
0.00,0.00,0.00,0.00,93499288.00,1.19,1.00,05-10-2021 11-17-39-71
0.00,0.00,0.00,0.00,93499336.00,1.24,1.00,05-10-2021 11-17-39-76
0.00,0.00,0.00,0.00,93499376.00,1.24,1.00,05-10-2021 11-17-39-80
0.00,0.00,0.00,0.00,93499424.00,1.29,1.00,05-10-2021 11-17-39-85
0.00,0.00,0.00,0.00,93499472.00,1.37,1.00,05-10-2021 11-17-39-89
0.00,0.00,0.00,0.00,93499512.00,1.42,1.00,05-10-2021 11-17-39-94
0.00,0.00,0.00,0.00,93499600.00,1.50,1.00,05-10-2021 11-17-40-03
0.00,0.00,0.00,0.00,93499648.00,1.55,1.00,05-10-2021 11-17-40-07
0.00,0.00,0.00,0.00,93499696.00,1.59,1.00,05-10-2021 11-17-40-12
0.00,0.00,0.00,0.00,93499736.00,1.63,1.00,05-10-2021 11-17-40-16
0.00,0.00,0.00,0.00,93499784.00,1.68,1.00,05-10-2021 11-17-40-21
0.00,0.00,0.00,0.00,93499824.00,1.72,1.00,05-10-2021 11-17-40-25
0.00,0.00,0.00,0.00,93499872.00,1.77,1.00,05-10-2021 11-17-40-30
0.00,0.00,0.00,0.00,93499960.00,1.86,1.00,05-10-2021 11-17-40-39
0.00,0.00,0.00,0.00,93500008.00,1.91,1.00,05-10-2021 11-17-40-43
0.00,0.00,0.00,0.00,93500048.00,1.95,1.00,05-10-2021 11-17-40-48
0.00,0.00,0.00,0.00,93500096.00,2.00,1.00,05-10-2021 11-17-40-52
0.00,0.00,0.00,93500184.00,2.08,1.00,05-10-2021 11-17-40-61
0.00,0.00,0.00,0.00,93500224.00,2.12,1.00,05-10-2021 11-17-40-65
0.00,0.00,0.00,0.00,93500272.00,2.17,1.00,05-10-2021 11-17-40-70
0.00,0.00,0.00,0.00,93500320.00,2.21,1.00,05-10-2021 11-17-40-74
0.00,0.00,0.00,0.00,93500408.00,2.30,1.00,05-10-2021 11-17-40-83
0.00,0.00,0.00,0.00,93500448.00,2.35,1.00,05-10-2021 11-17-40-88
0.00,0.00,0.00,0.00,93500496.00,2.39,1.00,05-10-2021 11-17-40-92
0.00,0.00,0.00,0.00,93500544.00,2.44,1.00,05-10-2021 11-17-40-97
0.00,0.00,0.00,0.00,93500584.00,2.48,1.00,05-10-2021 11-17-41-01
0.00,0.00,0.00,0.00,93500632.00,2.53,1.00,05-10-2021 11-17-41-05
0.00,0.00,0.00,0.00,93500672.00,2.57,1.00,05-10-2021 11-17-41-10
0.00,0.00,0.00,0.00,93500720.00,2.61,1.00,05-10-2021 11-17-41-14
0.00,0.00,0.00,0.00,93500768.00,2.66,1.00,05-10-2021 11-17-41-19
0.00,0.00,0.00,0.00,93500856.00,2.75,1.00,05-10-2021 11-17-41-28
0.00,0.00,0.00,0.00,93500896.00,2.80,1.00,05-10-2021 11-17-41-32
0.00,0.00,0.00,0.00,93500992.00,2.89,1.00,05-10-2021 11-17-41-41
0.00,0.00,0.00,0.00,93501032.00,2.93,1.00,05-10-2021 11-17-41-46
0.00,0.00,0.00,0.00,93501168.00,3.07,1.00,05-10-2021 11-17-41-59
0.00,0.00,0.00,0.00,93501216.00,3.11,1.00,05-10-2021 11-17-41-63
0.00,0.00,0.00,0.00,93501256.00,3.15,1.00,05-10-2021 11-17-41-68
0.00,0.00,0.00,0.00,93501304.00,3.20,1.00,05-10-2021 11-17-41-73
0.00,0.00,0.00,0.00,93501344.00,3.25,1.00,05-10-2021 11-17-41-77
0.00,0.00,0.00,0.00,93501392.00,3.29,1.00,05-10-2021 11-17-41-82
0.00,0.00,0.00,0.00,93501432.00,3.33,1.00,05-10-2021 11-17-41-86
0.00,0.00,0.00,0.00,93501520.00,3.42,1.00,05-10-2021 11-17-41-95
0.00,0.00,0.00,0.00,93501568.00,3.47,1.00,05-10-2021 11-17-41-99
0.00,0.00,0.00,0.00,93501616.00,3.51,1.00,05-10-2021 11-17-42-04
0.00,0.00,0.00,0.00,93501656.00,3.56,1.00,05-10-2021 11-17-42-08
0.00,0.00,0.00,0.00,93501752.00,3.65,1.00,05-10-2021 11-17-42-17
0.00,0.00,0.00,0.00,93501792.00,3.69,1.00,05-10-2021 11-17-42-22
0.00,0.00,0.00,0.00,93501840.00,3.73,1.00,05-10-2021 11-17-42-26
0.00,0.00,0.00,0.00,93501880.00,3.78,1.00,05-10-2021 11-17-42-31
0.00,0.00,0.00,0.00,93502016.00,3.91,1.00,05-10-2021 11-17-42-44
0.00,0.00,0.00,0.00,93502064.00,3.96,1.00,05-10-2021 11-17-42-49
0.00,0.00,0.00,0.00,93502104.00,4.00,1.00,05-10-2021 11-17-42-53
0.00,0.00,0.00,0.00,93502152.00,4.05,1.00,05-10-2021 11-17-42-57
0.00,0.00,0.00,0.00,93502192.00,4.09,1.00,05-10-2021 11-17-42-62
0.00,0.00,0.00,0.00,93502240.00,4.14,1.00,05-10-2021 11-17-42-66
0.00,0.00,0.00,0.00,93502288.00,4.18,1.00,05-10-2021 11-17-42-71
0.00,0.00,0.00,0.00,93502328.00,4.22,1.00,05-10-2021 11-17-42-75
0.00,0.00,0.00,0.00,93502376.00,4.22,1.00,05-10-2021 11-17-42-80
0.00,0.00,0.00,0.00,93502416.00,4.27,1.00,05-10-2021 11-17-42-84
0.00,0.00,0.00,0.00,93502464.00,4.36,1.00,05-10-2021 11-17-42-89
0.00,0.00,0.00,0.00,93502552.00,4.46,1.00,05-10-2021 11-17-42-98
0.00,0.00,0.00,0.00,93502600.00,4.50,1.00,05-10-2021 11-17-43-02
0.00,0.00,0.00,0.00,93502688.00,4.59,1.00,05-10-2021 11-17-43-11
0.00,0.00,0.00,0.00,93502736.00,4.63,1.00,05-10-2021 11-17-43-15
0.00,0.00,0.00,0.00,93502824.00,4.72,1.00,05-10-2021 11-17-43-24
0.00,0.00,0.00,0.00,93502912.00,4.80,1.00,05-10-2021 11-17-43-33
0.00,0.00,0.00,0.00,93503016.00,4.85,1.00,05-10-2021 11-17-43-42
0.00,0.00,0.00,0.00,93503048.00,4.94,1.00,05-10-2021 11-17-43-47
0.00,0.00,0.00,0.00,93503136.00,5.03,1.00,05-10-2021 11-17-43-56
0.00,0.00,0.00,0.00,93503224.00,5.12,1.00,05-10-2021 11-17-43-65
0.00,0.00,0.00,0.00,93503408.00,5.30,1.00,05-10-2021 11-17-43-83
0.00,0.00,0.00,0.00,93503448.00,5.34,1.00,05-10-2021 11-17-43-87
0.00,0.00,0.00,0.00,93503496.00,5.39,1.00,05-10-2021 11-17-43-92
0.00,0.00,0.00,0.00,93503536.00,5.43,1.00,05-10-2021 11-17-43-96
0.00,0.00,0.00,0.00,93503624.00,5.52,1.00,05-10-2021 11-17-44-05
0.00,0.00,0.00,0.00,93503672.00,5.57,1.00,05-10-2021 11-17-44-10
0.00,0.00,0.00,0.00,93503712.00,5.61,1.00,05-10-2021 11-17-44-14
0.00,0.00,0.00,0.00,93503760.00,5.66,1.00,05-10-2021 11-17-44-18
0.00,0.00,0.00,0.00,93503808.00,5.71,1.00,05-10-2021 11-17-44-23
0.00,0.00,0.00,0.00,93503848.00,5.74,1.00,05-10-2021 11-17-44-27
0.00,0.00,0.00,0.00,93503896.00,5.79,1.00,05-10-2021 11-17-44-32
0.00,0.00,0.00,0.00,93503936.00,5.84,1.00,05-10-2021 11-17-44-36
0.00,0.00,0.00,0.00,93504072.00,5.97,1.00,05-10-2021 11-17-44-50
0.00,0.00,0.00,0.00,93504120.00,6.01,1.00,05-10-2021 11-17-44-54
0.00,0.00,0.00,0.00,93504208.00,6.10,1.00,05-10-2021 11-17-44-63
0.00,0.00,0.00,0.00,93504256.00,6.15,1.00,05-10-2021 11-17-44-67
0.00,0.00,0.00,0.00,93504296.00,6.19,1.00,05-10-2021 11-17-44-72
0.00,0.00,0.00,0.00,93504344.00,6.24,1.00,05-10-2021 11-17-44-76
0.00,0.00,0.00,0.00,93504384.00,6.28,1.00,05-10-2021 11-17-44-81
0.00,0.00,0.00,0.00,93504432.00,6.32,1.00,05-10-2021 11-17-44-85
0.00,0.00,0.00,0.00,93504480.00,6.37,1.00,05-10-2021 11-17-44-90
0.00,0.00,0.00,0.00,93504520.00,6.42,1.00,05-10-2021 11-17-44-94
0.00,0.00,0.00,0.00,93504568.00,6.46,1.00,05-10-2021 11-17-44-99
0.00,0.00,0.00,0.00,93504608.00,6.51,1.00,05-10-2021 11-17-45-03
0.00,0.00,0.00,0.00,93504656.00,6.56,1.00,05-10-2021 11-17-45-08
0.00,0.00,0.00,0.00,93504704.00,6.60,1.00,05-10-2021 11-17-45-12
0.00,0.00,0.00,0.00,93504792.00,6.69,1.00,05-10-2021 11-17-45-21
0.00,0.00,0.00,0.00,93504832.00,6.73,1.00,05-10-2021 11-17-45-26
0.00,0.00,0.00,0.00,93504880.00,6.77,1.00,05-10-2021 11-17-45-30
0.00,0.00,0.00,0.00,93504968.00,6.86,1.00,05-10-2021 11-17-45-39
0.00,0.00,0.00,0.00,93505016.00,6.91,1.00,05-10-2021 11-17-45-44
0.00,0.00,0.00,0.00,93505056.00,6.95,1.00,05-10-2021 11-17-45-48
0.00,0.00,0.00,0.00,93505144.00,7.05,1.00,05-10-2021 11-17-45-57
0.00,0.00,0.00,0.00,93505232.00,7.14,1.00,05-10-2021 11-17-45-66
0.00,0.00,0.00,0.00,93505328.00,7.22,1.00,05-10-2021 11-17-45-75
0.00,0.00,0.00,0.00,93505368.00,7.27,1.00,05-10-2021 11-17-45-79
0.00,0.00,0.00,0.00,93505424.00,7.27,1.00,05-10-2021 11-17-45-84
0.00,0.00,0.00,0.00,93505464.00,7.35,1.00,05-10-2021 11-17-45-88
0.00,0.00,0.00,0.00,93505504.00,7.40,1.00,05-10-2021 11-17-45-93
0.00,0.00,0.00,0.00,93505592.00,7.49,1.00,05-10-2021 11-17-46-02
0.00,0.00,0.00,0.00,93505640.00,7.54,1.00,05-10-2021 11-17-46-06
0.00,0.00,0.00,0.00,93505776.00,7.67,1.00,05-10-2021 11-17-46-20
0.00,0.00,0.00,0.00,93505816.00,7.71,1.00,05-10-2021 11-17-46-24
0.00,0.00,0.00,0.00,93505904.00,7.81,1.00,05-10-2021 11-17-46-33
0.00,0.00,0.00,0.00,93505952.00,7.85,1.00,05-10-2021 11-17-46-37
0.00,0.00,0.00,0.00,93506040.00,7.94,1.00,05-10-2021 11-17-46-46
0.00,0.00,0.00,0.00,93506088.00,7.99,1.00,05-10-2021 11-17-46-51
0.00,0.00,0.00,0.00,93506128.00,8.03,1.00,05-10-2021 11-17-46-55
0.00,0.00,0.00,0.00,93506176.00,8.07,1.00,05-10-2021 11-17-46-60
0.00,0.00,0.00,0.00,93506224.00,8.12,1.00,05-10-2021 11-17-46-64
0.00,0.00,0.00,0.00,93506264.00,8.17,1.00,05-10-2021 11-17-46-69
0.00,0.00,0.00,0.00,93506352.00,8.25,1.00,05-10-2021 11-17-46-78
0.00,0.00,0.00,0.00,93506400.00,8.30,1.00,05-10-2021 11-17-46-82
0.00,0.00,0.00,0.00,93506448.00,8.34,1.00,05-10-2021 11-17-46-87
0.00,0.00,0.00,0.00,93506488.00,8.38,1.00,05-10-2021 11-17-46-91
0.00,0.00,0.00,0.00,93506536.00,8.43,1.00,05-10-2021 11-17-46-96
0.00,0.00,0.00,0.00,93506576.00,8.47,1.00,05-10-2021 11-17-47-00
0.00,0.00,0.00,0.00,93506760.00,8.65,1.00,05-10-2021 11-17-47-18
0.00,0.00,0.00,0.00,93506800.00,8.70,1.00,05-10-2021 11-17-47-23
0.00,0.00,0.00,0.00,93506848.00,8.74,1.00,05-10-2021 11-17-47-27
0.00,0.00,0.00,0.00,93506888.00,8.79,1.00,05-10-2021 11-17-47-31
0.00,0.00,0.00,0.00,93506936.00,8.83,1.00,05-10-2021 11-17-47-36
0.00,0.00,0.00,0.00,93506976.00,8.87,1.00,05-10-2021 11-17-47-40
0.00,0.00,0.00,0.00,93507024.00,8.92,1.00,05-10-2021 11-17-47-45
0.00,0.00,0.00,0.00,93507160.00,9.06,1.00,05-10-2021 11-17-47-58
0.00,0.00,0.00,0.00,93507208.00,9.10,1.00,05-10-2021 11-17-47-63
0.00,0.00,0.00,0.00,93507248.00,9.14,1.00,05-10-2021 11-17-47-67
0.00,0.00,0.00,0.00,93507296.00,9.19,1.00,05-10-2021 11-17-47-72
0.00,0.00,0.00,0.00,93507336.00,9.23,1.00,05-10-2021 11-17-47-76
0.00,0.00,0.00,0.00,93507384.00,9.28,1.00,05-10-2021 11-17-47-80
0.00,0.00,0.00,0.00,93507424.00,9.32,1.00,05-10-2021 11-17-47-85
0.00,0.00,0.00,0.00,93507472.00,9.37,1.00,05-10-2021 11-17-47-89
0.00,0.00,0.00,0.00,93507520.00,9.41,1.00,05-10-2021 11-17-47-94
0.00,0.00,0.00,0.00,93507560.00,9.45,1.00,05-10-2021 11-17-47-98
0.00,0.00,0.00,0.00,93507608.00,9.50,1.00,05-10-2021 11-17-48-03
0.00,0.00,0.00,0.00,93507648.00,9.54,1.00,05-10-2021 11-17-48-07
0.00,0.00,0.00,0.00,93507696.00,9.59,1.00,05-10-2021 11-17-48-12
0.00,0.00,0.00,0.00,93507784.00,9.68,1.00,05-10-2021 11-17-48-21
0.00,0.00,0.00,0.00,93507832.00,9.73,1.00,05-10-2021 11-17-48-25
0.00,0.00,0.00,0.00,93507872.00,9.77,1.00,05-10-2021 11-17-48-29
0.00,0.00,0.00,0.00,93507920.00,9.82,1.00,05-10-2021 11-17-48-34
0.00,0.00,0.00,93508008.00,9.90,1.00,05-10-2021 11-17-48-43
0.00,0.00,0.00,0.00,93508056.00,9.95,1.00,05-10-2021 11-17-48-47
0.00,0.00,0.00,0.00,93508096.00,9.99,1.00,05-10-2021 11-17-48-52
0.00,0.00,0.00,0.00,93508144.00,10.04,1.00,05-10-2021 11-17-48-56
0.00,0.00,0.00,93508232.00,10.13,1.00,05-10-2021 11-17-48-66
0.00,0.00,0.00,0.00,93508280.00,10.17,1.00,05-10-2021 11-17-48-70
0.00,0.00,0.00,0.00,93508368.00,10.26,1.00,05-10-2021 11-17-48-79
0.00,0.00,0.00,0.00,93508416.00,10.31,1.00,05-10-2021 11-17-48-84
0.00,0.00,0.00,0.00,93508512.00,10.40,1.00,05-10-2021 11-17-48-93
0.00,0.00,0.00,0.00,93508552.00,10.45,1.00,05-10-2021 11-17-48-98
0.00,0.00,0.00,0.00,93508600.00,10.49,1.00,05-10-2021 11-17-49-02
0.00,0.00,0.00,93508784.00,10.67,1.00,05-10-2021 11-17-49-21
0.00,0.00,0.00,0.00,93508832.00,10.72,1.00,05-10-2021 11-17-49-25
0.00,0.00,0.00,0.00,93508880.00,10.76,1.00,05-10-2021 11-17-49-30
0.00,0.00,0.00,0.00,93508920.00,10.81,1.00,05-10-2021 11-17-49-34
0.00,0.00,0.00,0.00,93508968.00,10.86,1.00,05-10-2021 11-17-49-39
0.00,0.00,0.00,0.00,93509056.00,10.95,1.00,05-10-2021 11-17-49-48
0.00,0.00,0.00,0.00,93509104.00,11.00,1.00,05-10-2021 11-17-49-53
0.00,0.00,0.00,0.00,93509200.00,11.10,1.00,05-10-2021 11-17-49-62
0.00,0.00,0.00,0.00,93509240.00,11.14,1.00,05-10-2021 11-17-49-66
0.00,0.00,0.00,0.00,93509288.00,11.18,1.00,05-10-2021 11-17-49-71
0.00,0.00,0.00,0.00,93509336.00,11.22,1.00,05-10-2021 11-17-49-76
0.00,0.00,0.00,0.00,93509376.00,11.27,1.00,05-10-2021 11-17-49-80
0.00,0.00,0.00,0.00,93509424.00,11.32,1.00,05-10-2021 11-17-49-85
0.00,0.00,0.00,0.00,93509472.00,11.36,1.00,05-10-2021 11-17-49-89
0.00,0.00,0.00,0.00,93509520.00,11.41,1.00,05-10-2021 11-17-49-94
0.00,0.00,0.00,0.00,93509608.00,11.50,1.00,05-10-2021 11-17-50-03
0.00,0.00,0.00,93509840.00,11.73,1.00,05-10-2021 11-17-50-26
0.00,0.00,0.00,0.00,93509880.00,11.77,1.00,05-10-2021 11-17-50-31
0.00,0.00,0.00,0.00,93509928.00,11.82,1.00,05-10-2021 11-17-50-35
0.00,0.00,0.00,0.00,93509976.00,11.86,1.00,05-10-2021 11-17-50-40
0.00,0.00,0.00,0.00,93510016.00,11.91,1.00,05-10-2021 11-17-50-44
0.00,0.00,0.00,0.00,93510064.00,11.96,1.00,05-10-2021 11-17-50-49
0.00,0.00,0.00,0.00,93510160.00,12.05,1.00,05-10-2021 11-17-50-58
0.00,0.00,0.00,0.00,93510248.00,12.14,1.00,05-10-2021 11-17-50-67
0.00,0.00,0.00,0.00,93510296.00,12.19,1.00,05-10-2021 11-17-50-72
0.00,0.00,0.00,0.00,93510336.00,12.23,1.00,05-10-2021 11-17-50-76
0.00,0.00,0.00,0.00,93510384.00,12.28,1.00,05-10-2021 11-17-50-81
0.00,0.00,0.00,0.00,93510432.00,12.32,1.00,05-10-2021 11-17-50-85
0.00,0.00,0.00,0.00,93510568.00,12.46,1.00,05-10-2021 11-17-50-99
0.00,0.00,0.00,0.00,93510616.00,12.50,1.00,05-10-2021 11-17-51-03
0.00,0.00,0.00,0.00,93510664.00,12.55,1.00,05-10-2021 11-17-51-08
0.00,0.00,0.00,0.00,93510752.00,12.65,1.00,05-10-2021 11-17-51-17
0.00,0.00,0.00,0.00,93510800.00,12.69,1.00,05-10-2021 11-17-51-22
0.00,0.00,0.00,0.00,93510840.00,12.74,1.00,05-10-2021 11-17-51-26
0.00,0.00,0.00,0.00,93510888.00,12.78,1.00,05-10-2021 11-17-51-31
0.00,0.00,0.00,0.00,93510936.00,12.83,1.00,05-10-2021 11-17-51-35
0.00,0.00,0.00,0.00,93510984.00,12.87,1.00,05-10-2021 11-17-51-40
0.00,0.00,0.00,0.00,93511024.00,12.92,1.00,05-10-2021 11-17-51-45
0.00,0.00,0.00,0.00,93511072.00,12.96,1.00,05-10-2021 11-17-51-49
0.00,0.00,0.00,0.00,93511120.00,13.01,1.00,05-10-2021 11-17-51-54
0.00,0.00,0.00,0.00,93511160.00,13.06,1.00,05-10-2021 11-17-51-58
0.00,0.00,0.00,0.00,93511208.00,13.10,1.00,05-10-2021 11-17-51-63
0.00,0.00,0.00,0.00,93511256.00,13.15,1.00,05-10-2021 11-17-51-68
0.00,0.00,0.00,0.00,93511304.00,13.19,1.00,05-10-2021 11-17-51-72
0.00,0.00,0.00,0.00,93511344.00,13.24,1.00,05-10-2021 11-17-51-77
0.00,0.00,0.00,0.00,93511488.00,13.38,1.00,05-10-2021 11-17-51-90
0.00,0.00,0.00,0.00,93511528.00,13.42,1.00,05-10-2021 11-17-51-95
0.00,0.00,0.00,0.00,93511576.00,13.46,1.00,05-10-2021 11-17-52-00
0.00,0.00,0.00,0.00,93511664.00,13.56,1.00,05-10-2021 11-17-52-09
0.00,0.00,0.00,0.00,93511712.00,13.61,1.00,05-10-2021 11-17-52-13
0.00,0.00,0.00,0.00,93511760.00,13.65,1.00,05-10-2021 11-17-52-18
0.00,0.00,0.00,0.00,93511808.00,13.69,1.00,05-10-2021 11-17-52-23
0.00,0.00,0.00,0.00,93511848.00,13.74,1.00,05-10-2021 11-17-52-27
0.00,0.00,0.00,0.00,93511896.00,13.78,1.00,05-10-2021 11-17-52-32
0.00,0.00,0.00,0.00,93511944.00,13.84,1.00,05-10-2021 11-17-52-36
0.00,0.00,0.00,0.00,93511984.00,13.88,1.00,05-10-2021 11-17-52-41
0.00,0.00,0.00,0.00,93512032.00,13.93,1.00,05-10-2021 11-17-52-45
0.00,0.00,0.00,0.00,93512264.00,14.15,1.00,05-10-2021 11-17-52-68
0.00,0.00,0.00,0.00,93512304.00,14.20,1.00,05-10-2021 11-17-52-73
0.00,0.00,0.00,0.00,93512352.00,14.24,1.00,05-10-2021 11-17-52-78
0.00,0.00,0.00,0.00,93512400.00,14.29,1.00,05-10-2021 11-17-52-82
0.00,0.00,0.00,0.00,93512448.00,14.33,1.00,05-10-2021 11-17-52-87
0.00,0.00,0.00,0.00,93512488.00,14.38,1.00,05-10-2021 11-17-52-91
0.00,0.00,0.00,0.00,93512536.00,14.43,1.00,05-10-2021 11-17-52-96
0.00,0.00,0.00,0.00,93512584.00,14.48,1.00,05-10-2021 11-17-53-00
0.00,0.00,0.00,0.00,93512624.00,14.52,1.00,05-10-2021 11-17-53-05
0.00,0.00,0.00,0.00,93512672.00,14.56,1.00,05-10-2021 11-17-53-09
0.00,0.00,0.00,0.00,93512720.00,14.61,1.00,05-10-2021 11-17-53-14
0.00,0.00,0.00,0.00,93512856.00,14.75,1.00,05-10-2021 11-17-53-28
0.00,0.00,0.00,0.00,93512904.00,14.79,1.00,05-10-2021 11-17-53-32
0.00,0.00,0.00,0.00,93512944.00,14.84,1.00,05-10-2021 11-17-53-37
0.00,0.00,0.00,0.00,93513040.00,14.93,1.00,05-10-2021 11-17-53-46
0.00,0.00,0.00,0.00,93513088.00,14.98,1.00,05-10-2021 11-17-53-50
0.00,0.00,0.00,0.00,93513136.00,15.02,1.00,05-10-2021 11-17-53-55
0.00,0.00,0.00,0.00,93513176.00,15.07,1.00,05-10-2021 11-17-53-60
0.00,0.00,0.00,0.00,93513312.00,15.21,1.00,05-10-2021 11-17-53-73
0.00,0.00,0.00,0.00,93513360.00,15.25,1.00,05-10-2021 11-17-53-78
0.00,0.00,0.00,0.00,93513408.00,15.29,1.00,05-10-2021 11-17-53-83
0.00,0.00,0.00,0.00,93513456.00,15.34,1.00,05-10-2021 11-17-53-87
0.00,0.00,0.00,0.00,93513496.00,15.39,1.00,05-10-2021 11-17-53-92
0.00,0.00,0.00,0.00,93513544.00,15.44,1.00,05-10-2021 11-17-53-96
0.00,0.00,0.00,0.00,93513592.00,15.48,1.00,05-10-2021 11-17-54-01
0.00,0.00,0.00,0.00,93513632.00,15.52,1.00,05-10-2021 11-17-54-05
0.00,0.00,0.00,0.00,93513728.00,15.61,1.00,05-10-2021 11-17-54-15
0.00,0.00,0.00,0.00,93513776.00,15.66,1.00,05-10-2021 11-17-54-19
0.00,0.00,0.00,0.00,93513816.00,15.71,1.00,05-10-2021 11-17-54-24
0.00,0.00,0.00,0.00,93513864.00,15.75,1.00,05-10-2021 11-17-54-28
0.00,0.00,0.00,0.00,93513912.00,15.80,1.00,05-10-2021 11-17-54-33
0.00,0.00,0.00,0.00,93514000.00,15.89,1.00,05-10-2021 11-17-54-42
0.00,0.00,0.00,0.00,93514048.00,15.94,1.00,05-10-2021 11-17-54-47
0.00,0.00,0.00,0.00,93514096.00,15.98,1.00,05-10-2021 11-17-54-51
0.00,0.00,0.00,0.00,93514232.00,16.12,1.00,05-10-2021 11-17-54-65
0.00,0.00,0.00,0.00,93514272.00,16.16,1.00,05-10-2021 11-17-54-70
0.00,0.00,0.00,0.00,93514320.00,16.21,1.00,05-10-2021 11-17-54-74
0.00,0.00,0.00,0.00,93514368.00,16.26,1.00,05-10-2021 11-17-54-79
0.00,0.00,0.00,0.00,93514416.00,16.30,1.00,05-10-2021 11-17-54-83
0.00,0.00,0.00,0.00,93514504.00,16.39,1.00,05-10-2021 11-17-54-93
0.00,0.00,0.00,0.00,93514552.00,16.44,1.00,05-10-2021 11-17-54-97
0.00,0.00,0.00,0.00,93514592.00,16.48,1.00,05-10-2021 11-17-55-02
0.00,0.00,0.00,0.00,93514640.00,16.53,1.00,05-10-2021 11-17-55-06
0.00,0.00,0.00,0.00,93514688.00,16.58,1.00,05-10-2021 11-17-55-11
0.00,0.00,0.00,0.00,93514736.00,16.63,1.00,05-10-2021 11-17-55-15
0.00,0.00,0.00,0.00,93514776.00,16.67,1.00,05-10-2021 11-17-55-20
0.00,0.00,0.00,0.00,93514960.00,16.85,1.00,05-10-2021 11-17-55-38
0.00,0.00,0.00,0.00,93515056.00,16.94,1.00,05-10-2021 11-17-55-47
0.00,0.00,0.00,0.00,93515096.00,16.99,1.00,05-10-2021 11-17-55-52
0.00,0.00,0.00,0.00,93515144.00,17.03,1.00,05-10-2021 11-17-55-56
0.00,0.00,0.00,0.00,93515192.00,17.08,1.00,05-10-2021 11-17-55-61
0.00,0.00,0.00,0.00,93515232.00,17.13,1.00,05-10-2021 11-17-55-65
0.00,0.00,0.00,0.00,93515328.00,17.22,1.00,05-10-2021 11-17-55-75
0.00,0.00,0.00,0.00,93515376.00,17.26,1.00,05-10-2021 11-17-55-79
0.00,0.00,0.00,0.00,93515416.00,17.31,1.00,05-10-2021 11-17-55-84
0.00,0.00,0.00,0.00,93515464.00,17.35,1.00,05-10-2021 11-17-55-88
0.00,0.00,0.00,0.00,93515552.00,17.45,1.00,05-10-2021 11-17-55-97
0.00,0.00,0.00,0.00,93515600.00,17.49,1.00,05-10-2021 11-17-56-02
0.00,0.00,0.00,0.00,93515648.00,17.53,1.00,05-10-2021 11-17-56-07
0.00,0.00,0.00,0.00,93515696.00,17.58,1.00,05-10-2021 11-17-56-11
0.00,0.00,0.00,0.00,93515784.00,17.67,1.00,05-10-2021 11-17-56-20
0.00,0.00,0.00,0.00,93515832.00,17.73,1.00,05-10-2021 11-17-56-25
0.00,0.00,0.00,0.00,93515880.00,17.76,1.00,05-10-2021 11-17-56-30
0.00,0.00,0.00,0.00,93515920.00,17.81,1.00,05-10-2021 11-17-56-34
0.00,0.00,0.00,0.00,93515968.00,17.85,1.00,05-10-2021 11-17-56-39
0.00,0.00,0.00,0.00,93516016.00,17.90,1.00,05-10-2021 11-17-56-43
0.00,0.00,0.00,0.00,93516064.00,17.95,1.00,05-10-2021 11-17-56-48
0.00,0.00,0.00,0.00,93516104.00,17.99,1.00,05-10-2021 11-17-56-52
0.00,0.00,0.00,0.00,93516152.00,18.04,1.00,05-10-2021 11-17-56-57
0.00,0.00,0.00,0.00,93516200.00,18.08,1.00,05-10-2021 11-17-56-62
0.00,0.00,0.00,0.00,93516240.00,18.13,1.00,05-10-2021 11-17-56-66
0.00,0.00,0.00,0.00,93516288.00,18.18,1.00,05-10-2021 11-17-56-71
0.00,0.00,0.00,0.00,93516336.00,18.22,1.00,05-10-2021 11-17-56-75
0.00,0.00,0.00,0.00,93516384.00,18.27,1.00,05-10-2021 11-17-56-80
0.00,0.00,0.00,0.00,93516472.00,18.36,1.00,05-10-2021 11-17-56-89
0.00,0.00,0.00,0.00,93516520.00,18.41,1.00,05-10-2021 11-17-56-94
0.00,0.00,0.00,0.00,93516560.00,18.45,1.00,05-10-2021 11-17-56-98
0.00,0.00,0.00,0.00,93516608.00,18.50,1.00,05-10-2021 11-17-57-03
0.00,0.00,0.00,0.00,93516656.00,18.54,1.00,05-10-2021 11-17-57-07
0.00,0.00,0.00,0.00,93516704.00,18.59,1.00,05-10-2021 11-17-57-12
0.00,0.00,0.00,0.00,93516744.00,18.64,1.00,05-10-2021 11-17-57-17
0.00,0.00,0.00,0.00,93516792.00,18.68,1.00,05-10-2021 11-17-57-21
0.00,0.00,0.00,0.00,93516840.00,18.73,1.00,05-10-2021 11-17-57-26
0.00,0.00,0.00,0.00,93516880.00,18.77,1.00,05-10-2021 11-17-57-30
0.00,0.00,0.00,0.00,93516928.00,18.82,1.00,05-10-2021 11-17-57-35
0.00,0.00,0.00,0.00,93516976.00,18.87,1.00,05-10-2021 11-17-57-40
0.00,0.00,0.00,0.00,93517024.00,18.91,1.00,05-10-2021 11-17-57-44
0.00,0.00,0.00,0.00,93517064.00,18.95,1.00,05-10-2021 11-17-57-49
0.00,0.00,0.00,0.00,93517112.00,19.00,1.00,05-10-2021 11-17-57-53
0.00,0.00,0.00,0.00,93517160.00,19.05,1.00,05-10-2021 11-17-57-58
0.00,0.00,0.00,0.00,93517200.00,19.09,1.00,05-10-2021 11-17-57-62
0.00,0.00,0.00,0.00,93517248.00,19.14,1.00,05-10-2021 11-17-57-67
0.00,0.00,0.00,0.00,93517296.00,19.18,1.00,05-10-2021 11-17-57-71
0.00,0.00,0.00,0.00,93517344.00,19.23,1.00,05-10-2021 11-17-57-76
0.00,0.00,0.00,0.00,93517384.00,19.28,1.00,05-10-2021 11-17-57-81
0.00,0.00,0.00,0.00,93517432.00,19.32,1.00,05-10-2021 11-17-57-85
0.00,0.00,0.00,0.00,93517480.00,19.37,1.00,05-10-2021 11-17-57-90
0.00,0.00,0.00,0.00,93517520.00,19.41,1.00,05-10-2021 11-17-57-94
0.00,0.00,0.00,93517752.00,19.64,1.00,05-10-2021 11-17-58-17
0.00,0.00,0.00,0.00,93517800.00,19.68,1.00,05-10-2021 11-17-58-22
0.00,0.00,0.00,0.00,93517848.00,19.73,1.00,05-10-2021 11-17-58-26
0.00,0.00,0.00,0.00,93517888.00,19.78,1.00,05-10-2021 11-17-58-31
0.00,0.00,0.00,0.00,93517936.00,19.82,1.00,05-10-2021 11-17-58-35
0.00,0.00,0.00,0.00,93517984.00,19.87,1.00,05-10-2021 11-17-58-40
0.00,0.00,0.00,0.00,93518024.00,19.92,1.00,05-10-2021 11-17-58-44
0.00,0.00,0.00,0.00,93518072.00,19.96,1.00,05-10-2021 11-17-58-49
0.00,0.00,0.00,0.00,93518120.00,20.01,1.00,05-10-2021 11-17-58-54
0.00,0.00,0.00,0.00,93518160.00,20.05,1.00,05-10-2021 11-17-58-58
0.00,0.00,0.00,0.00,93518208.00,20.10,1.00,05-10-2021 11-17-58-63
0.00,0.00,0.00,0.00,93518256.00,20.14,1.00,05-10-2021 11-17-58-67
0.00,0.00,0.00,0.00,93518304.00,20.19,1.00,05-10-2021 11-17-58-72
0.00,0.00,0.00,0.00,93518352.00,20.24,1.00,05-10-2021 11-17-58-77
0.00,0.00,0.00,0.00,93518392.00,20.28,1.00,05-10-2021 11-17-58-81
0.00,0.00,0.00,0.00,93518440.00,20.32,1.00,05-10-2021 11-17-58-86
0.00,0.00,0.00,0.00,93518576.00,20.47,1.00,05-10-2021 11-17-58-99
0.00,0.00,0.00,0.00,93518624.00,20.51,1.00,05-10-2021 11-17-59-05
0.00,0.00,0.00,0.00,93518672.00,20.55,1.00,05-10-2021 11-17-59-09
0.00,0.00,0.00,0.00,93518712.00,20.60,1.00,05-10-2021 11-17-59-13
0.00,0.00,0.00,0.00,93518808.00,20.70,1.00,05-10-2021 11-17-59-22
0.00,0.00,0.00,0.00,93518848.00,20.74,1.00,05-10-2021 11-17-59-27
0.00,0.00,0.00,0.00,93518896.00,20.79,1.00,05-10-2021 11-17-59-32
0.00,0.00,0.00,0.00,93518944.00,20.83,1.00,05-10-2021 11-17-59-36
0.00,0.00,0.00,0.00,93518992.00,20.88,1.00,05-10-2021 11-17-59-41
0.00,0.00,0.00,0.00,93519080.00,20.97,1.00,05-10-2021 11-17-59-50
0.00,0.00,0.00,0.00,93519128.00,21.02,1.00,05-10-2021 11-17-59-54
0.00,0.00,0.00,0.00,93519168.00,21.06,1.00,05-10-2021 11-17-59-59
0.00,0.00,0.00,0.00,93519216.00,21.10,1.00,05-10-2021 11-17-59-64
0.00,0.00,0.00,0.00,93519264.00,21.16,1.00,05-10-2021 11-17-59-68
0.00,0.00,0.00,0.00,93519312.00,21.20,1.00,05-10-2021 11-17-59-73
0.00,0.00,0.00,0.00,93519352.00,21.25,1.00,05-10-2021 11-17-59-77
0.00,0.00,0.00,0.00,93519400.00,21.29,1.00,05-10-2021 11-17-59-82
0.00,0.00,0.00,0.00,93519448.00,21.33,1.00,05-10-2021 11-17-59-87
0.00,0.00,0.00,0.00,93519488.00,21.38,1.00,05-10-2021 11-17-59-91
0.00,0.00,0.00,0.00,93519536.00,21.43,1.00,05-10-2021 11-17-59-96
0.00,0.00,0.00,0.00,93519584.00,21.47,1.00,05-10-2021 11-18-00-00
0.00,0.00,0.00,0.00,93519632.00,21.52,1.00,05-10-2021 11-18-00-05
0.00,0.00,0.00,0.00,93519672.00,21.56,1.00,05-10-2021 11-18-00-09
0.00,0.00,0.00,0.00,93519720.00,21.61,1.00,05-10-2021 11-18-00-14
0.00,0.00,0.00,0.00,93519768.00,21.65,1.00,05-10-2021 11-18-00-18
0.00,0.00,0.00,0.00,93519808.00,21.70,1.00,05-10-2021 11-18-00-23
0.00,0.00,0.00,0.00,93519952.00,21.84,1.00,05-10-2021 11-18-00-37
0.00,0.00,0.00,0.00,93519992.00,21.88,1.00,05-10-2021 11-18-00-41
0.00,0.00,0.00,0.00,93520040.00,21.93,1.00,05-10-2021 11-18-00-46
0.00,0.00,0.00,0.00,93520088.00,21.97,1.00,05-10-2021 11-18-00-50
0.00,0.00,0.00,0.00,93520136.00,22.02,1.00,05-10-2021 11-18-00-55
0.00,0.00,0.00,0.00,93520176.00,22.07,1.00,05-10-2021 11-18-00-59
0.00,0.00,0.00,0.00,93520224.00,22.11,1.00,05-10-2021 11-18-00-64
0.00,0.00,0.00,0.00,93520272.00,22.15,1.00,05-10-2021 11-18-00-69
0.00,0.00,0.00,0.00,93520360.00,22.25,1.00,05-10-2021 11-18-00-78
0.00,0.00,0.00,0.00,93520408.00,22.30,1.00,05-10-2021 11-18-00-82
0.00,0.00,0.00,0.00,93520456.00,22.34,1.00,05-10-2021 11-18-00-87
0.00,0.00,0.00,0.00,93520496.00,22.38,1.00,05-10-2021 11-18-00-92
0.00,0.00,0.00,0.00,93520640.00,22.53,1.00,05-10-2021 11-18-01-05
0.00,0.00,0.00,0.00,93520680.00,22.57,1.00,05-10-2021 11-18-01-10
0.00,0.00,0.00,0.00,93520728.00,22.61,1.00,05-10-2021 11-18-01-14
0.00,0.00,0.00,0.00,93520816.00,22.70,1.00,05-10-2021 11-18-01-24
0.00,0.00,0.00,0.00,93520864.00,22.75,1.00,05-10-2021 11-18-01-28
0.00,0.00,0.00,0.00,93520912.00,22.80,1.00,05-10-2021 11-18-01-33
0.00,0.00,0.00,0.00,93520960.00,22.84,1.00,05-10-2021 11-18-01-37
0.00,0.00,0.00,0.00,93521000.00,22.89,1.00,05-10-2021 11-18-01-42
0.00,0.00,0.00,0.00,93521048.00,22.93,1.00,05-10-2021 11-18-01-47
0.00,0.00,0.00,0.00,93521096.00,22.98,1.00,05-10-2021 11-18-01-51
0.00,0.00,0.00,0.00,93521136.00,23.02,1.00,05-10-2021 11-18-01-56
0.00,0.00,0.00,0.00,93521184.00,23.07,1.00,05-10-2021 11-18-01-60
0.00,0.00,0.00,93521320.00,23.21,1.00,05-10-2021 11-18-01-74
0.00,0.00,0.00,0.00,93521368.00,23.25,1.00,05-10-2021 11-18-01-79
0.00,0.00,0.00,0.00,93521416.00,23.30,1.00,05-10-2021 11-18-01-83
0.00,0.00,0.00,0.00,93521504.00,23.39,1.00,05-10-2021 11-18-01-92
0.00,0.00,0.00,0.00,93521552.00,23.44,1.00,05-10-2021 11-18-01-97
0.00,0.00,0.00,0.00,93521600.00,23.48,1.00,05-10-2021 11-18-02-02
0.00,0.00,0.00,0.00,93521640.00,23.53,1.00,05-10-2021 11-18-02-06
0.00,0.00,0.00,0.00,93521736.00,23.62,1.00,05-10-2021 11-18-02-15
0.00,0.00,0.00,0.00,93521776.00,23.67,1.00,05-10-2021 11-18-02-20
0.00,0.00,0.00,0.00,93521824.00,23.71,1.00,05-10-2021 11-18-02-24
0.00,0.00,0.00,0.00,93521872.00,23.76,1.00,05-10-2021 11-18-02-29
0.00,0.00,0.00,0.00,93521920.00,23.80,1.00,05-10-2021 11-18-02-34
0.00,0.00,0.00,0.00,93521968.00,23.85,1.00,05-10-2021 11-18-02-38
0.00,0.00,0.00,0.00,93522008.00,23.90,1.00,05-10-2021 11-18-02-43
0.00,0.00,0.00,0.00,93522056.00,23.94,1.00,05-10-2021 11-18-02-47
0.00,0.00,0.00,0.00,93522104.00,23.99,1.00,05-10-2021 11-18-02-52
0.00,0.00,0.00,0.00,93522328.00,24.21,1.00,05-10-2021 11-18-02-75
0.00,0.00,0.00,0.00,93522376.00,24.26,1.00,05-10-2021 11-18-02-79
0.00,0.00,0.00,0.00,93522416.00,24.30,1.00,05-10-2021 11-18-02-84
0.00,0.00,0.00,0.00,93522464.00,24.35,1.00,05-10-2021 11-18-02-88
0.00,0.00,0.00,0.00,93522512.00,24.40,1.00,05-10-2021 11-18-02-93
0.00,0.00,0.00,0.00,93522560.00,24.44,1.00,05-10-2021 11-18-02-97
0.00,0.00,0.00,0.00,93522608.00,24.49,1.00,05-10-2021 11-18-03-02
0.00,0.00,0.00,0.00,93522648.00,24.53,1.00,05-10-2021 11-18-03-06
0.00,0.00,0.00,0.00,93522696.00,24.58,1.00,05-10-2021 11-18-03-11
0.00,0.00,0.00,0.00,93522744.00,24.62,1.00,05-10-2021 11-18-03-16
0.00,0.00,0.00,0.00,93522784.00,24.67,1.00,05-10-2021 11-18-03-20
0.00,0.00,0.00,0.00,93522928.00,24.81,1.00,05-10-2021 11-18-03-34
0.00,0.00,0.00,0.00,93522968.00,24.85,1.00,05-10-2021 11-18-03-39
0.00,0.00,0.00,0.00,93523016.00,24.90,1.00,05-10-2021 11-18-03-43
0.00,0.00,0.00,0.00,93523104.00,25.00,1.00,05-10-2021 11-18-03-52
0.00,0.00,0.00,0.00,93523152.00,25.04,1.00,05-10-2021 11-18-03-57
0.00,0.00,0.00,0.00,93523200.00,25.08,1.00,05-10-2021 11-18-03-61
0.00,0.00,0.00,0.00,93523248.00,25.13,1.00,05-10-2021 11-18-03-66
0.00,0.00,0.00,0.00,93523336.00,25.22,1.00,05-10-2021 11-18-03-75
0.00,0.00,0.00,0.00,93523384.00,25.27,1.00,05-10-2021 11-18-03-80
0.00,0.00,0.00,0.00,93523424.00,25.31,1.00,05-10-2021 11-18-03-84
0.00,0.00,0.00,0.00,93523472.00,25.36,1.00,05-10-2021 11-18-03-89
0.00,0.00,0.00,0.00,93523568.00,25.45,1.00,05-10-2021 11-18-03-98
0.00,0.00,0.00,0.00,93523608.00,25.50,1.00,05-10-2021 11-18-04-03
0.00,0.00,0.00,0.00,93523656.00,25.54,1.00,05-10-2021 11-18-04-07
0.00,0.00,0.00,0.00,93523704.00,25.59,1.00,05-10-2021 11-18-04-12
0.00,0.00,0.00,0.00,93523792.00,25.68,1.00,05-10-2021 11-18-04-21
0.00,0.00,0.00,0.00,93523840.00,25.72,1.00,05-10-2021 11-18-04-26
0.00,0.00,0.00,0.00,93523888.00,25.77,1.00,05-10-2021 11-18-04-30
0.00,0.00,0.00,0.00,93523928.00,25.82,1.00,05-10-2021 11-18-04-35
0.00,0.00,0.00,0.00,93524024.00,25.91,1.00,05-10-2021 11-18-04-44
0.00,0.00,0.00,0.00,93524064.00,25.95,1.00,05-10-2021 11-18-04-49
0.00,0.00,0.00,0.00,93524112.00,26.00,1.00,05-10-2021 11-18-04-53
0.00,0.00,0.00,0.00,93524160.00,26.04,1.00,05-10-2021 11-18-04-58
0.00,0.00,0.00,0.00,93524248.00,26.14,1.00,05-10-2021 11-18-04-67
0.00,0.00,0.00,0.00,93524296.00,26.18,1.00,05-10-2021 11-18-04-71
0.00,0.00,0.00,0.00,93524344.00,26.23,1.00,05-10-2021 11-18-04-76
0.00,0.00,0.00,0.00,93524384.00,26.27,1.00,05-10-2021 11-18-04-81
0.00,0.00,0.00,0.00,93524480.00,26.37,1.00,05-10-2021 11-18-04-90
0.00,0.00,0.00,0.00,93524528.00,26.41,1.00,05-10-2021 11-18-04-94
0.00,0.00,0.00,0.00,93524576.00,26.45,1.00,05-10-2021 11-18-04-99
0.00,0.00,0.00,0.00,93524616.00,26.51,1.00,05-10-2021 11-18-05-03
0.00,0.00,0.00,0.00,93524664.00,26.55,1.00,05-10-2021 11-18-05-08
0.00,0.00,0.00,0.00,93524712.00,26.59,1.00,05-10-2021 11-18-05-12
0.00,0.00,0.00,0.00,93524752.00,26.64,1.00,05-10-2021 11-18-05-17
0.00,0.00,0.00,0.00,93524800.00,26.68,1.00,05-10-2021 11-18-05-21
0.00,0.00,0.00,0.00,93524848.00,26.73,1.00,05-10-2021 11-18-05-26
0.00,0.00,0.00,0.00,93524936.00,26.82,1.00,05-10-2021 11-18-05-35
0.00,0.00,0.00,0.00,93524984.00,26.87,1.00,05-10-2021 11-18-05-40
0.00,0.00,0.00,0.00,93525032.00,26.91,1.00,05-10-2021 11-18-05-44
0.00,0.00,0.00,0.00,93525072.00,26.96,1.00,05-10-2021 11-18-05-49
0.00,0.00,0.00,0.00,93525168.00,27.05,1.00,05-10-2021 11-18-05-58
0.00,0.00,0.00,0.00,93525216.00,27.10,1.00,05-10-2021 11-18-05-63
0.00,0.00,0.00,0.00,93525256.00,27.14,1.00,05-10-2021 11-18-05-67
0.00,0.00,0.00,0.00,93525304.00,27.19,1.00,05-10-2021 11-18-05-72
0.00,0.00,0.00,0.00,93525352.00,27.23,1.00,05-10-2021 11-18-05-76
0.00,0.00,0.00,0.00,93525392.00,27.28,1.00,05-10-2021 11-18-05-81
0.00,0.00,0.00,0.00,93525440.00,27.33,1.00,05-10-2021 11-18-05-86
0.00,0.00,0.00,0.00,93525488.00,27.37,1.00,05-10-2021 11-18-05-90
0.00,0.00,0.00,0.00,93525536.00,27.41,1.00,05-10-2021 11-18-05-95
0.00,0.00,0.00,93525672.00,27.56,1.00,05-10-2021 11-18-06-08
0.00,0.00,0.00,0.00,93525712.00,27.60,1.00,05-10-2021 11-18-06-13
0.00,0.00,0.00,0.00,93525808.00,27.69,1.00,05-10-2021 11-18-06-22
0.00,0.00,0.00,0.00,93525856.00,27.74,1.00,05-10-2021 11-18-06-27
0.00,0.00,0.00,0.00,93525896.00,27.78,1.00,05-10-2021 11-18-06-31
0.00,0.00,0.00,0.00,93525944.00,27.83,1.00,05-10-2021 11-18-06-36
0.00,0.00,0.00,0.00,93525992.00,27.87,1.00,05-10-2021 11-18-06-41
0.00,0.00,0.00,0.00,93526032.00,27.92,1.00,05-10-2021 11-18-06-45
0.00,0.00,0.00,0.00,93526080.00,27.96,1.00,05-10-2021 11-18-06-50
0.00,0.00,0.00,0.00,93526128.00,28.01,1.00,05-10-2021 11-18-06-54
0.00,0.00,0.00,0.00,93526176.00,28.06,1.00,05-10-2021 11-18-06-59
0.00,0.00,0.00,0.00,93526216.00,28.10,1.00,05-10-2021 11-18-06-64
0.00,0.00,0.00,0.00,93526264.00,28.15,1.00,05-10-2021 11-18-06-68
0.00,0.00,0.00,0.00,93526312.00,28.19,1.00,05-10-2021 11-18-06-73
0.00,0.00,0.00,0.00,93526352.00,28.24,1.00,05-10-2021 11-18-06-77
0.00,0.00,0.00,0.00,93526400.00,28.29,1.00,05-10-2021 11-18-06-82
0.00,0.00,0.00,0.00,93526448.00,28.33,1.00,05-10-2021 11-18-06-86
0.00,0.00,0.00,0.00,93526496.00,28.38,1.00,05-10-2021 11-18-06-91
0.00,0.00,0.00,0.00,93526536.00,28.42,1.00,05-10-2021 11-18-06-96
0.00,0.00,0.00,0.00,93526584.00,28.47,1.00,05-10-2021 11-18-07-00
0.00,0.00,0.00,0.00,93526632.00,28.52,1.00,05-10-2021 11-18-07-05
0.00,0.00,0.00,0.00,93526672.00,28.56,1.00,05-10-2021 11-18-07-09
0.00,0.00,0.00,0.00,93526768.00,28.65,1.00,05-10-2021 11-18-07-18
0.00,0.00,0.00,0.00,93526816.00,28.70,1.00,05-10-2021 11-18-07-23
0.00,0.00,0.00,0.00,93526856.00,28.74,1.00,05-10-2021 11-18-07-27
0.00,0.00,0.00,0.00,93526904.00,28.79,1.00,05-10-2021 11-18-07-32
0.00,0.00,0.00,0.00,93526952.00,28.84,1.00,05-10-2021 11-18-07-36
0.00,0.00,0.00,0.00,93526992.00,28.88,1.00,05-10-2021 11-18-07-41
0.00,0.00,0.00,0.00,93527040.00,28.93,1.00,05-10-2021 11-18-07-46
0.00,0.00,0.00,0.00,93527088.00,28.97,1.00,05-10-2021 11-18-07-50
0.00,0.00,0.00,0.00,93527136.00,29.02,1.00,05-10-2021 11-18-07-55
0.00,0.00,0.00,93527320.00,29.20,1.00,05-10-2021 11-18-07-73
0.00,0.00,0.00,0.00,93527360.00,29.24,1.00,05-10-2021 11-18-07-78
0.00,0.00,0.00,0.00,93527456.00,29.34,1.00,05-10-2021 11-18-07-87
0.00,0.00,0.00,0.00,93527504.00,29.39,1.00,05-10-2021 11-18-07-91
0.00,0.00,0.00,0.00,93527544.00,29.43,1.00,05-10-2021 11-18-07-96
0.00,0.00,0.00,0.00,93527592.00,29.47,1.00,05-10-2021 11-18-08-01
0.00,0.00,0.00,0.00,93527728.00,29.62,1.00,05-10-2021 11-18-08-14
0.00,0.00,0.00,0.00,93527776.00,29.66,1.00,05-10-2021 11-18-08-19
0.00,0.00,0.00,0.00,93527824.00,29.70,1.00,05-10-2021 11-18-08-23
0.00,0.00,0.00,0.00,93527912.00,29.79,1.00,05-10-2021 11-18-08-33
0.00,0.00,0.00,0.00,93527960.00,29.84,1.00,05-10-2021 11-18-08-37
0.00,0.00,0.00,0.00,93528000.00,29.89,1.00,05-10-2021 11-18-08-42
0.00,0.00,0.00,0.00,93528048.00,29.93,1.00,05-10-2021 11-18-08-46
0.00,0.00,0.00,0.00,93528096.00,29.98,1.00,05-10-2021 11-18-08-51
0.00,0.00,0.00,0.00,93528144.00,30.02,1.00,05-10-2021 11-18-08-56
0.00,0.00,0.00,0.00,93528184.00,30.07,1.00,05-10-2021 11-18-08-60
0.00,0.00,0.00,0.00,93528232.00,30.11,1.00,05-10-2021 11-18-08-65
0.00,0.00,0.00,0.00,93528280.00,30.16,1.00,05-10-2021 11-18-08-69
0.00,0.00,0.00,0.00,93528368.00,30.25,1.00,05-10-2021 11-18-08-78
0.00,0.00,0.00,0.00,93528416.00,30.30,1.00,05-10-2021 11-18-08-83
0.00,0.00,0.00,0.00,93528464.00,30.34,1.00,05-10-2021 11-18-08-88
0.00,0.00,0.00,0.00,93528504.00,30.39,1.00,05-10-2021 11-18-08-92
0.00,0.00,0.00,0.00,93528640.00,30.53,1.00,05-10-2021 11-18-09-06
0.00,0.00,0.00,0.00,93528688.00,30.57,1.00,05-10-2021 11-18-09-11
0.00,0.00,0.00,0.00,93528736.00,30.62,1.00,05-10-2021 11-18-09-15
0.00,0.00,0.00,0.00,93528784.00,30.66,1.00,05-10-2021 11-18-09-20
0.00,0.00,0.00,0.00,93528824.00,30.71,1.00,05-10-2021 11-18-09-24
0.00,0.00,0.00,0.00,93528872.00,30.76,1.00,05-10-2021 11-18-09-29
0.00,0.00,0.00,0.00,93528920.00,30.80,1.00,05-10-2021 11-18-09-33
0.00,0.00,0.00,0.00,93528968.00,30.85,1.00,05-10-2021 11-18-09-38
0.00,0.00,0.00,0.00,93529144.00,31.03,1.00,05-10-2021 11-18-09-56
0.00,0.00,0.00,0.00,93529192.00,31.07,1.00,05-10-2021 11-18-09-61
0.00,0.00,0.00,0.00,93529288.00,31.17,1.00,05-10-2021 11-18-09-70
0.00,0.00,0.00,0.00,93529328.00,31.21,1.00,05-10-2021 11-18-09-74
0.00,0.00,0.00,0.00,93529376.00,31.26,1.00,05-10-2021 11-18-09-79
0.00,0.00,0.00,0.00,93529424.00,31.30,1.00,05-10-2021 11-18-09-83
0.00,0.00,0.00,0.00,93529464.00,31.35,1.00,05-10-2021 11-18-09-88
0.00,0.00,0.00,0.00,93529512.00,31.40,1.00,05-10-2021 11-18-09-93
0.00,0.00,0.00,0.00,93529560.00,31.44,1.00,05-10-2021 11-18-09-97
0.00,0.00,0.00,0.00,93529608.00,31.49,1.00,05-10-2021 11-18-10-02
0.00,0.00,0.00,0.00,93529648.00,31.54,1.00,05-10-2021 11-18-10-06
0.00,0.00,0.00,93529744.00,31.62,1.00,05-10-2021 11-18-10-15
0.00,0.00,0.00,0.00,93529792.00,31.67,1.00,05-10-2021 11-18-10-20
0.00,0.00,0.00,0.00,93529832.00,31.71,1.00,05-10-2021 11-18-10-25
0.00,0.00,0.00,0.00,93529880.00,31.76,1.00,05-10-2021 11-18-10-29
0.00,0.00,0.00,0.00,93529928.00,31.81,1.00,05-10-2021 11-18-10-34
0.00,0.00,0.00,0.00,93529968.00,31.85,1.00,05-10-2021 11-18-10-38
0.00,0.00,0.00,0.00,93530016.00,31.90,1.00,05-10-2021 11-18-10-43
0.00,0.00,0.00,0.00,93530064.00,31.94,1.00,05-10-2021 11-18-10-48
0.00,0.00,0.00,0.00,93530112.00,31.99,1.00,05-10-2021 11-18-10-52
0.00,0.00,0.00,0.00,93530152.00,32.03,1.00,05-10-2021 11-18-10-57
0.00,0.00,0.00,0.00,93530200.00,32.08,1.00,05-10-2021 11-18-10-61
0.00,0.00,0.00,0.00,93530248.00,32.13,1.00,05-10-2021 11-18-10-66
0.00,0.00,0.00,0.00,93530288.00,32.17,1.00,05-10-2021 11-18-10-70
0.00,0.00,0.00,0.00,93530336.00,32.22,1.00,05-10-2021 11-18-10-75
0.00,0.00,0.00,0.00,93530384.00,32.26,1.00,05-10-2021 11-18-10-80
0.00,0.00,0.00,0.00,93530432.00,32.31,1.00,05-10-2021 11-18-10-84
0.00,0.00,0.00,0.00,93530472.00,32.36,1.00,05-10-2021 11-18-10-89
0.00,0.00,0.00,0.00,93530520.00,32.40,1.00,05-10-2021 11-18-10-93
0.00,0.00,0.00,0.00,93530568.00,32.45,1.00,05-10-2021 11-18-10-98
0.00,0.00,0.00,0.00,93530656.00,32.54,1.00,05-10-2021 11-18-11-07
0.00,0.00,0.00,0.00,93530704.00,32.59,1.00,05-10-2021 11-18-11-12
0.00,0.00,0.00,0.00,93530752.00,32.63,1.00,05-10-2021 11-18-11-16
0.00,0.00,0.00,0.00,93530792.00,32.68,1.00,05-10-2021 11-18-11-21
0.00,0.00,0.00,0.00,93530888.00,32.77,1.00,05-10-2021 11-18-11-30
0.00,0.00,0.00,0.00,93530928.00,32.82,1.00,05-10-2021 11-18-11-35
0.00,0.00,0.00,0.00,93530976.00,32.86,1.00,05-10-2021 11-18-11-39
0.00,0.00,0.00,0.00,93531024.00,32.91,1.00,05-10-2021 11-18-11-44
0.00,0.00,0.00,0.00,93531072.00,32.95,1.00,05-10-2021 11-18-11-48
0.00,0.00,0.00,0.00,93531112.00,33.00,1.00,05-10-2021 11-18-11-53
0.00,0.00,0.00,0.00,93531160.00,33.04,1.00,05-10-2021 11-18-11-58
0.00,0.00,0.00,0.00,93531208.00,33.09,1.00,05-10-2021 11-18-11-62
0.00,0.00,0.00,0.00,93531248.00,33.13,1.00,05-10-2021 11-18-11-67
0.00,0.00,0.00,0.00,93531296.00,33.18,1.00,05-10-2021 11-18-11-71
0.00,0.00,0.00,0.00,93531344.00,33.23,1.00,05-10-2021 11-18-11-76
0.00,0.00,0.00,0.00,93531392.00,33.27,1.00,05-10-2021 11-18-11-80
0.00,0.00,0.00,0.00,93531440.00,33.32,1.00,05-10-2021 11-18-11-85
0.00,0.00,0.00,0.00,93531480.00,33.36,1.00,05-10-2021 11-18-11-89
0.00,0.00,0.00,0.00,93531528.00,33.41,1.00,05-10-2021 11-18-11-94
0.00,0.00,0.00,0.00,93531576.00,33.46,1.00,05-10-2021 11-18-11-98
0.00,0.00,0.00,0.00,93531616.00,33.50,1.00,05-10-2021 11-18-12-03
0.00,0.00,0.00,0.00,93531664.00,33.55,1.00,05-10-2021 11-18-12-08
0.00,0.00,0.00,0.00,93531712.00,33.59,1.00,05-10-2021 11-18-12-12
0.00,0.00,0.00,0.00,93531760.00,33.64,1.00,05-10-2021 11-18-12-17
0.00,0.00,0.00,0.00,93531800.00,33.68,1.00,05-10-2021 11-18-12-21
0.00,0.00,0.00,0.00,93531848.00,33.73,1.00,05-10-2021 11-18-12-26
0.00,0.00,0.00,0.00,93531896.00,33.77,1.00,05-10-2021 11-18-12-30
0.00,0.00,0.00,0.00,93531936.00,33.82,1.00,05-10-2021 11-18-12-35
0.00,0.00,0.00,0.00,93531984.00,33.87,1.00,05-10-2021 11-18-12-40
0.00,0.00,0.00,0.00,93532120.00,34.00,1.00,05-10-2021 11-18-12-53
0.00,0.00,0.00,0.00,93532168.00,34.05,1.00,05-10-2021 11-18-12-58
0.00,0.00,0.00,0.00,93532216.00,34.09,1.00,05-10-2021 11-18-12-62
0.00,0.00,0.00,0.00,93532256.00,34.14,1.00,05-10-2021 11-18-12-67
0.00,0.00,0.00,0.00,93532304.00,34.19,1.00,05-10-2021 11-18-12-72
0.00,0.00,0.00,0.00,93532352.00,34.23,1.00,05-10-2021 11-18-12-76
0.00,0.00,0.00,0.00,93532400.00,34.28,1.00,05-10-2021 11-18-12-81
0.00,0.00,0.00,93532488.00,34.37,1.00,05-10-2021 11-18-12-90
0.00,0.00,0.00,0.00,93532536.00,34.42,1.00,05-10-2021 11-18-12-95
0.00,0.00,0.00,0.00,93532576.00,34.46,1.00,05-10-2021 11-18-12-99
0.00,0.00,0.00,0.00,93532624.00,34.50,1.00,05-10-2021 11-18-13-04
0.00,0.00,0.00,0.00,93532760.00,34.65,1.00,05-10-2021 11-18-13-18
0.00,0.00,0.00,0.00,93532808.00,34.69,1.00,05-10-2021 11-18-13-22
0.00,0.00,0.00,0.00,93532856.00,34.73,1.00,05-10-2021 11-18-13-27
0.00,0.00,0.00,0.00,93532896.00,34.78,1.00,05-10-2021 11-18-13-31
0.00,0.00,0.00,0.00,93532944.00,34.83,1.00,05-10-2021 11-18-13-36
0.00,0.00,0.00,0.00,93532992.00,34.88,1.00,05-10-2021 11-18-13-40
0.00,0.00,0.00,0.00,93533040.00,34.92,1.00,05-10-2021 11-18-13-45
0.00,0.00,0.00,0.00,93533080.00,34.96,1.00,05-10-2021 11-18-13-50
0.00,0.00,0.00,0.00,93533128.00,35.01,1.00,05-10-2021 11-18-13-54
0.00,0.00,0.00,0.00,93533176.00,35.06,1.00,05-10-2021 11-18-13-59
0.00,0.00,0.00,0.00,93533216.00,35.11,1.00,05-10-2021 11-18-13-63
0.00,0.00,0.00,0.00,93533264.00,35.15,1.00,05-10-2021 11-18-13-68
0.00,0.00,0.00,0.00,93533312.00,35.19,1.00,05-10-2021 11-18-13-73
0.00,0.00,0.00,0.00,93533360.00,35.24,1.00,05-10-2021 11-18-13-77
0.00,0.00,0.00,0.00,93533400.00,35.29,1.00,05-10-2021 11-18-13-82
0.00,0.00,0.00,0.00,93533448.00,35.33,1.00,05-10-2021 11-18-13-86
0.00,0.00,0.00,0.00,93533496.00,35.38,1.00,05-10-2021 11-18-13-91
0.00,0.00,0.00,0.00,93533536.00,35.42,1.00,05-10-2021 11-18-13-95
0.00,0.00,0.00,0.00,93533632.00,35.51,1.00,05-10-2021 11-18-14-04
0.00,0.00,0.00,0.00,93533680.00,35.56,1.00,05-10-2021 11-18-14-09
0.00,0.00,0.00,0.00,93533720.00,35.61,1.00,05-10-2021 11-18-14-13
0.00,0.00,0.00,0.00,93533768.00,35.65,1.00,05-10-2021 11-18-14-18
0.00,0.00,0.00,93533856.00,35.74,1.00,05-10-2021 11-18-14-27
0.00,0.00,0.00,0.00,93533904.00,35.79,1.00,05-10-2021 11-18-14-32
0.00,0.00,0.00,0.00,93533952.00,35.83,1.00,05-10-2021 11-18-14-36
0.00,0.00,0.00,0.00,93534000.00,35.88,1.00,05-10-2021 11-18-14-41
0.00,0.00,0.00,0.00,93534136.00,36.02,1.00,05-10-2021 11-18-14-55
0.00,0.00,0.00,0.00,93534184.00,36.06,1.00,05-10-2021 11-18-14-59
0.00,0.00,0.00,0.00,93534224.00,36.10,1.00,05-10-2021 11-18-14-64
0.00,0.00,0.00,0.00,93534272.00,36.15,1.00,05-10-2021 11-18-14-68
0.00,0.00,0.00,0.00,93534320.00,36.20,1.00,05-10-2021 11-18-14-73
0.00,0.00,0.00,0.00,93534368.00,36.25,1.00,05-10-2021 11-18-14-77
0.00,0.00,0.00,0.00,93534408.00,36.29,1.00,05-10-2021 11-18-14-82
0.00,0.00,0.00,0.00,93534456.00,36.34,1.00,05-10-2021 11-18-14-87
0.00,0.00,0.00,0.00,93534504.00,36.38,1.00,05-10-2021 11-18-14-91
0.00,0.00,0.00,0.00,93534544.00,36.43,1.00,05-10-2021 11-18-14-96
0.00,0.00,0.00,0.00,93534592.00,36.48,1.00,05-10-2021 11-18-15-00
0.00,0.00,0.00,0.00,93534640.00,36.52,1.00,05-10-2021 11-18-15-05
0.00,0.00,0.00,0.00,93534688.00,36.56,1.00,05-10-2021 11-18-15-10
0.00,0.00,0.00,0.00,93534776.00,36.65,1.00,05-10-2021 11-18-15-19
0.00,0.00,0.00,0.00,93534824.00,36.71,1.00,05-10-2021 11-18-15-23
0.00,0.00,0.00,0.00,93534864.00,36.75,1.00,05-10-2021 11-18-15-28
0.00,0.00,0.00,0.00,93534912.00,36.79,1.00,05-10-2021 11-18-15-32
0.00,0.00,0.00,0.00,93535008.00,36.88,1.00,05-10-2021 11-18-15-42
0.00,0.00,0.00,0.00,93535048.00,36.93,1.00,05-10-2021 11-18-15-46
0.00,0.00,0.00,0.00,93535096.00,36.98,1.00,05-10-2021 11-18-15-51
0.00,0.00,0.00,0.00,93535144.00,37.02,1.00,05-10-2021 11-18-15-55
0.00,0.00,0.00,0.00,93535184.00,37.07,1.00,05-10-2021 11-18-15-60
0.00,0.00,0.00,0.00,93535232.00,37.11,1.00,05-10-2021 11-18-15-65
0.00,0.00,0.00,0.00,93535280.00,37.16,1.00,05-10-2021 11-18-15-69
0.00,0.00,0.00,0.00,93535328.00,37.20,1.00,05-10-2021 11-18-15-74
0.00,0.00,0.00,0.00,93535368.00,37.25,1.00,05-10-2021 11-18-15-78
0.00,0.00,0.00,0.00,93535464.00,37.34,1.00,05-10-2021 11-18-15-87
0.00,0.00,0.00,0.00,93535504.00,37.39,1.00,05-10-2021 11-18-15-92
0.00,0.00,0.00,0.00,93535552.00,37.43,1.00,05-10-2021 11-18-15-97
0.00,0.00,0.00,0.00,93535600.00,37.48,1.00,05-10-2021 11-18-16-01
0.00,0.00,0.00,0.00,93535648.00,37.53,1.00,05-10-2021 11-18-16-06
0.00,0.00,0.00,0.00,93535688.00,37.57,1.00,05-10-2021 11-18-16-10
0.00,0.00,0.00,0.00,93535736.00,37.62,1.00,05-10-2021 11-18-16-15
0.00,0.00,0.00,0.00,93535784.00,37.66,1.00,05-10-2021 11-18-16-20
0.00,0.00,0.00,0.00,93535824.00,37.71,1.00,05-10-2021 11-18-16-24
0.00,0.00,0.00,0.00,93535920.00,37.80,1.00,05-10-2021 11-18-16-33
0.00,0.00,0.00,0.00,93535968.00,37.85,1.00,05-10-2021 11-18-16-38
0.00,0.00,0.00,0.00,93536016.00,37.89,1.00,05-10-2021 11-18-16-42
0.00,0.00,0.00,0.00,93536056.00,37.94,1.00,05-10-2021 11-18-16-47
0.00,0.00,0.00,0.00,93536104.00,37.98,1.00,05-10-2021 11-18-16-51
0.00,0.00,0.00,0.00,93536152.00,38.03,1.00,05-10-2021 11-18-16-56
0.00,0.00,0.00,0.00,93536192.00,38.08,1.00,05-10-2021 11-18-16-61
0.00,0.00,0.00,0.00,93536240.00,38.12,1.00,05-10-2021 11-18-16-65
0.00,0.00,0.00,0.00,93536288.00,38.17,1.00,05-10-2021 11-18-16-70
0.00,0.00,0.00,0.00,93536328.00,38.21,1.00,05-10-2021 11-18-16-74
0.00,0.00,0.00,0.00,93536376.00,38.26,1.00,05-10-2021 11-18-16-79
0.00,0.00,0.00,0.00,93536424.00,38.30,1.00,05-10-2021 11-18-16-83
0.00,0.00,0.00,0.00,93536464.00,38.35,1.00,05-10-2021 11-18-16-88
0.00,0.00,0.00,0.00,93536512.00,38.40,1.00,05-10-2021 11-18-16-92
0.00,0.00,0.00,0.00,93536608.00,38.49,1.00,05-10-2021 11-18-17-02
0.00,0.00,0.00,0.00,93536656.00,38.53,1.00,05-10-2021 11-18-17-06
0.00,0.00,0.00,0.00,93536696.00,38.57,1.00,05-10-2021 11-18-17-11
0.00,0.00,0.00,0.00,93536744.00,38.62,1.00,05-10-2021 11-18-17-15
0.00,0.00,0.00,0.00,93536832.00,38.71,1.00,05-10-2021 11-18-17-24
0.00,0.00,0.00,0.00,93536880.00,38.76,1.00,05-10-2021 11-18-17-29
0.00,0.00,0.00,0.00,93536928.00,38.80,1.00,05-10-2021 11-18-17-34
0.00,0.00,0.00,0.00,93536976.00,38.85,1.00,05-10-2021 11-18-17-38
0.00,0.00,0.00,0.00,93537016.00,38.90,1.00,05-10-2021 11-18-17-43
0.00,0.00,0.00,0.00,93537064.00,38.94,1.00,05-10-2021 11-18-17-47
0.00,0.00,0.00,0.00,93537112.00,38.99,1.00,05-10-2021 11-18-17-52
0.00,0.00,0.00,0.00,93537152.00,39.03,1.00,05-10-2021 11-18-17-57
0.00,0.00,0.00,0.00,93537200.00,39.08,1.00,05-10-2021 11-18-17-61
0.00,0.00,0.00,0.00,93537248.00,39.12,1.00,05-10-2021 11-18-17-66
0.00,0.00,0.00,0.00,93537296.00,39.17,1.00,05-10-2021 11-18-17-70
0.00,0.00,0.00,0.00,93537336.00,39.22,1.00,05-10-2021 11-18-17-75
0.00,0.00,0.00,0.00,93537384.00,39.26,1.00,05-10-2021 11-18-17-79
0.00,0.00,0.00,0.00,93537432.00,39.31,1.00,05-10-2021 11-18-17-84
0.00,0.00,0.00,0.00,93537520.00,39.40,1.00,05-10-2021 11-18-17-93
0.00,0.00,0.00,0.00,93537568.00,39.45,1.00,05-10-2021 11-18-17-98
0.00,0.00,0.00,0.00,93537616.00,39.49,1.00,05-10-2021 11-18-18-02
0.00,0.00,0.00,0.00,93537656.00,39.54,1.00,05-10-2021 11-18-18-07
0.00,0.00,0.00,0.00,93537752.00,39.63,1.00,05-10-2021 11-18-18-16
0.00,0.00,0.00,0.00,93537792.00,39.68,1.00,05-10-2021 11-18-18-21
0.00,0.00,0.00,0.00,93537840.00,39.72,1.00,05-10-2021 11-18-18-25
0.00,0.00,0.00,0.00,93537888.00,39.77,1.00,05-10-2021 11-18-18-30
0.00,0.00,0.00,0.00,93537936.00,39.81,1.00,05-10-2021 11-18-18-34
0.00,0.00,0.00,0.00,93537976.00,39.86,1.00,05-10-2021 11-18-18-39
0.00,0.00,0.00,0.00,93538024.00,39.90,1.00,05-10-2021 11-18-18-44
0.00,0.00,0.00,0.00,93538072.00,39.95,1.00,05-10-2021 11-18-18-48
0.00,0.00,0.00,0.00,93538112.00,40.00,1.00,05-10-2021 11-18-18-53
0.00,0.00,0.00,93538208.00,40.09,1.00,05-10-2021 11-18-18-62
0.00,0.00,0.00,0.00,93538256.00,40.14,1.00,05-10-2021 11-18-18-67
0.00,0.00,0.00,0.00,93538296.00,40.18,1.00,05-10-2021 11-18-18-71
0.00,0.00,0.00,0.00,93538440.00,40.32,1.00,05-10-2021 11-18-18-84
0.00,0.00,0.00,0.00,93538480.00,40.36,1.00,05-10-2021 11-18-18-89
0.00,0.00,0.00,0.00,93538528.00,40.41,1.00,05-10-2021 11-18-18-94
0.00,0.00,0.00,0.00,93538576.00,40.45,1.00,05-10-2021 11-18-18-98
0.00,0.00,0.00,0.00,93538664.00,40.55,1.00,05-10-2021 11-18-19-07
0.00,0.00,0.00,0.00,93538712.00,40.60,1.00,05-10-2021 11-18-19-12
0.00,0.00,0.00,0.00,93538760.00,40.64,1.00,05-10-2021 11-18-19-16
0.00,0.00,0.00,0.00,93538800.00,40.68,1.00,05-10-2021 11-18-19-21
0.00,0.00,0.00,0.00,93538896.00,40.77,1.00,05-10-2021 11-18-19-30
0.00,0.00,0.00,0.00,93538944.00,40.82,1.00,05-10-2021 11-18-19-35
0.00,0.00,0.00,0.00,93538984.00,40.86,1.00,05-10-2021 11-18-19-39
0.00,0.00,0.00,0.00,93539032.00,40.91,1.00,05-10-2021 11-18-19-44
0.00,0.00,0.00,0.00,93539216.00,41.09,1.00,05-10-2021 11-18-19-62
0.00,0.00,0.00,0.00,93539264.00,41.14,1.00,05-10-2021 11-18-19-67
0.00,0.00,0.00,0.00,93539304.00,41.18,1.00,05-10-2021 11-18-19-72
0.00,0.00,0.00,0.00,93539352.00,41.23,1.00,05-10-2021 11-18-19-76
0.00,0.00,0.00,0.00,93539400.00,41.28,1.00,05-10-2021 11-18-19-81
0.00,0.00,0.00,0.00,93539440.00,41.32,1.00,05-10-2021 11-18-19-85
0.00,0.00,0.00,0.00,93539488.00,41.37,1.00,05-10-2021 11-18-19-90
0.00,0.00,0.00,0.00,93539584.00,41.46,1.00,05-10-2021 11-18-19-99
0.00,0.00,0.00,0.00,93539624.00,41.51,1.00,05-10-2021 11-18-20-04
0.00,0.00,0.00,0.00,93539672.00,41.55,1.00,05-10-2021 11-18-20-08
0.00,0.00,0.00,0.00,93539720.00,41.60,1.00,05-10-2021 11-18-20-13
0.00,0.00,0.00,0.00,93539760.00,41.64,1.00,05-10-2021 11-18-20-17
0.00,0.00,0.00,0.00,93539808.00,41.69,1.00,05-10-2021 11-18-20-22
0.00,0.00,0.00,0.00,93539856.00,41.74,1.00,05-10-2021 11-18-20-27
0.00,0.00,0.00,0.00,93539904.00,41.78,1.00,05-10-2021 11-18-20-31
0.00,0.00,0.00,0.00,93539944.00,41.82,1.00,05-10-2021 11-18-20-36
0.00,0.00,0.00,0.00,93539992.00,41.87,1.00,05-10-2021 11-18-20-40
0.00,0.00,0.00,0.00,93540040.00,41.92,1.00,05-10-2021 11-18-20-45
0.00,0.00,0.00,0.00,93540080.00,41.96,1.00,05-10-2021 11-18-20-49
0.00,0.00,0.00,0.00,93540128.00,42.01,1.00,05-10-2021 11-18-20-54
0.00,0.00,0.00,0.00,93540176.00,42.05,1.00,05-10-2021 11-18-20-59
0.00,0.00,0.00,0.00,93540312.00,42.19,1.00,05-10-2021 11-18-20-72
0.00,0.00,0.00,0.00,93540360.00,42.24,1.00,05-10-2021 11-18-20-77
0.00,0.00,0.00,0.00,93540408.00,42.28,1.00,05-10-2021 11-18-20-82
0.00,0.00,0.00,0.00,93540448.00,42.33,1.00,05-10-2021 11-18-20-86
0.00,0.00,0.00,0.00,93540496.00,42.37,1.00,05-10-2021 11-18-20-91
0.00,0.00,0.00,0.00,93540544.00,42.42,1.00,05-10-2021 11-18-20-95
0.00,0.00,0.00,0.00,93540584.00,42.47,1.00,05-10-2021 11-18-21-00
0.00,0.00,0.00,0.00,93540632.00,42.51,1.00,05-10-2021 11-18-21-04
0.00,0.00,0.00,0.00,93540720.00,42.60,1.00,05-10-2021 11-18-21-14
0.00,0.00,0.00,0.00,93540768.00,42.65,1.00,05-10-2021 11-18-21-18
0.00,0.00,0.00,0.00,93540816.00,42.70,1.00,05-10-2021 11-18-21-22
0.00,0.00,0.00,0.00,93540864.00,42.74,1.00,05-10-2021 11-18-21-37
0.00,0.00,0.00,0.00,93540912.00,42.79,1.00,05-10-2021 11-18-21-38
0.00,0.00,0.00,0.00,93540952.00,42.79,1.00,05-10-2021 11-18-21-40
0.00,0.00,0.00,0.00,93541000.00,42.79,1.00,05-10-2021 11-18-21-44
0.00,0.00,0.00,0.00,93541048.00,42.79,1.00,05-10-2021 11-18-21-53
0.00,0.00,0.00,0.00,93541088.00,42.96,1.00,05-10-2021 11-18-21-55
0.00,0.00,0.00,0.00,93541136.00,42.96,1.00,05-10-2021 11-18-21-56
0.00,0.00,0.00,0.00,93541184.00,43.04,1.00,05-10-2021 11-18-21-59
0.00,0.00,0.00,0.00,93541272.00,43.13,1.00,05-10-2021 11-18-21-68
0.00,0.00,0.00,0.00,93541320.00,43.20,1.00,05-10-2021 11-18-21-73
0.00,0.00,0.00,0.00,93541368.00,43.24,1.00,05-10-2021 11-18-21-77
0.00,0.00,0.00,0.00,93541408.00,43.29,1.00,05-10-2021 11-18-21-82
0.00,0.00,0.00,93541504.00,43.38,1.00,05-10-2021 11-18-21-91
0.00,0.00,0.00,0.00,93541552.00,43.43,1.00,05-10-2021 11-18-21-96
0.00,0.00,0.00,0.00,93541592.00,43.47,1.00,05-10-2021 11-18-22-00
0.00,0.00,0.00,0.00,93541688.00,43.56,1.00,05-10-2021 11-18-22-09
0.00,0.00,0.00,0.00,93541728.00,43.61,1.00,05-10-2021 11-18-22-14
0.00,0.00,0.00,0.00,93541776.00,43.61,1.00,05-10-2021 11-18-22-19
0.00,0.00,0.00,0.00,93541824.00,43.67,1.00,05-10-2021 11-18-22-23
0.00,0.00,0.00,0.00,93541872.00,43.75,1.00,05-10-2021 11-18-22-28
0.00,0.00,0.00,0.00,93541912.00,43.79,1.00,05-10-2021 11-18-22-32
0.00,0.00,0.00,0.00,93542008.00,43.89,1.00,05-10-2021 11-18-22-41
0.00,0.00,0.00,0.00,93542048.00,43.93,1.00,05-10-2021 11-18-22-46
0.00,0.00,0.00,0.00,93542096.00,43.97,1.00,05-10-2021 11-18-22-51
0.00,0.00,0.00,0.00,93542192.00,44.03,1.00,05-10-2021 11-18-22-60
0.00,0.00,0.00,0.00,93542280.00,44.17,1.00,05-10-2021 11-18-22-69
0.00,0.00,0.00,0.00,93542368.00,44.25,1.00,05-10-2021 11-18-22-78
0.00,0.00,0.00,0.00,93542416.00,44.29,1.00,05-10-2021 11-18-22-83
0.00,0.00,0.00,0.00,93542464.00,44.32,1.00,05-10-2021 11-18-22-87
0.00,0.00,0.00,0.00,93542600.00,44.48,1.00,05-10-2021 11-18-23-01
0.00,0.00,0.00,0.00,93542688.00,44.57,1.00,05-10-2021 11-18-23-10
0.00,0.00,0.00,0.00,93542832.00,44.71,1.00,05-10-2021 11-18-23-24
0.00,0.00,0.00,0.00,93542880.00,44.75,1.00,05-10-2021 11-18-23-29
0.00,0.00,0.00,0.00,93542968.00,44.85,1.00,05-10-2021 11-18-23-38
0.00,0.00,0.00,0.00,93543016.00,44.89,1.00,05-10-2021 11-18-23-42
0.00,0.00,0.00,0.00,93543056.00,44.94,1.00,05-10-2021 11-18-23-47
0.00,0.00,0.00,0.00,93543104.00,44.99,1.00,05-10-2021 11-18-23-51
0.00,0.00,0.00,0.00,93543152.00,44.99,1.00,05-10-2021 11-18-23-56
0.00,0.00,0.00,0.00,93543200.00,45.05,1.00,05-10-2021 11-18-23-61
0.00,0.00,0.00,0.00,93543240.00,45.12,1.00,05-10-2021 11-18-23-65
0.00,0.00,0.00,0.00,93543336.00,45.17,1.00,05-10-2021 11-18-23-74
0.00,0.00,0.00,0.00,93543424.00,45.30,1.00,05-10-2021 11-18-23-83
0.00,0.00,0.00,0.00,93543520.00,45.37,1.00,05-10-2021 11-18-23-92
0.00,0.00,0.00,0.00,93543560.00,45.44,1.00,05-10-2021 11-18-23-97
0.00,0.00,0.00,0.00,93543608.00,45.49,1.00,05-10-2021 11-18-24-01
0.00,0.00,0.00,0.00,93543656.00,45.53,1.00,05-10-2021 11-18-24-06
0.00,0.00,0.00,0.00,93543744.00,45.62,1.00,05-10-2021 11-18-24-15
0.00,0.00,0.00,0.00,93543792.00,45.67,1.00,05-10-2021 11-18-24-20
0.00,0.00,0.00,0.00,93543880.00,45.77,1.00,05-10-2021 11-18-24-29
0.00,0.00,0.00,0.00,93543928.00,45.81,1.00,05-10-2021 11-18-24-33
0.00,0.00,0.00,0.00,93543976.00,45.85,1.00,05-10-2021 11-18-24-38
0.00,0.00,0.00,0.00,93544064.00,45.90,1.00,05-10-2021 11-18-24-47
0.00,0.00,0.00,0.00,93544176.00,45.96,1.00,05-10-2021 11-18-24-56
0.00,0.00,0.00,0.00,93544296.00,46.17,1.00,05-10-2021 11-18-24-70
0.00,0.00,0.00,0.00,93544336.00,46.22,1.00,05-10-2021 11-18-24-75
0.00,0.00,0.00,0.00,93544432.00,46.32,1.00,05-10-2021 11-18-24-84
0.00,0.00,0.00,0.00,93544520.00,46.40,1.00,05-10-2021 11-18-24-93
0.00,0.00,0.00,0.00,93544616.00,46.47,1.00,05-10-2021 11-18-25-02
0.00,0.00,0.00,0.00,93544656.00,46.54,1.00,05-10-2021 11-18-25-07
0.00,0.00,0.00,0.00,93544704.00,46.58,1.00,05-10-2021 11-18-25-11
0.00,0.00,0.00,0.00,93544752.00,46.63,1.00,05-10-2021 11-18-25-16
0.00,0.00,0.00,0.00,93544840.00,46.72,1.00,05-10-2021 11-18-25-25
0.00,0.00,0.00,0.00,93544888.00,46.76,1.00,05-10-2021 11-18-25-30
0.00,0.00,0.00,0.00,93544936.00,46.81,1.00,05-10-2021 11-18-25-34
0.00,0.00,0.00,0.00,93545024.00,46.90,1.00,05-10-2021 11-18-25-43
0.00,0.00,0.00,0.00,93545072.00,46.95,1.00,05-10-2021 11-18-25-48
0.00,0.00,0.00,0.00,93545120.00,47.00,1.00,05-10-2021 11-18-25-53
0.00,0.00,0.00,0.00,93545208.00,47.09,1.00,05-10-2021 11-18-25-62
0.00,0.00,0.00,0.00,93545296.00,47.16,1.00,05-10-2021 11-18-25-71
0.00,0.00,0.00,0.00,93545344.00,47.22,1.00,05-10-2021 11-18-25-76
0.00,0.00,0.00,0.00,93545392.00,47.27,1.00,05-10-2021 11-18-25-80
0.00,0.00,0.00,0.00,93545440.00,47.31,1.00,05-10-2021 11-18-25-85
0.00,0.00,0.00,0.00,93545488.00,47.31,1.00,05-10-2021 11-18-25-89
0.00,0.00,0.00,0.00,93545528.00,47.37,1.00,05-10-2021 11-18-25-94
0.00,0.00,0.00,0.00,93545576.00,47.45,1.00,05-10-2021 11-18-25-98
0.00,0.00,0.00,0.00,93545624.00,47.50,1.00,05-10-2021 11-18-26-03
0.00,0.00,0.00,0.00,93545664.00,47.55,1.00,05-10-2021 11-18-26-07
0.00,0.00,0.00,0.00,93545712.00,47.59,1.00,05-10-2021 11-18-26-12
0.00,0.00,0.00,0.00,93545760.00,47.64,1.00,05-10-2021 11-18-26-16
0.00,0.00,0.00,0.00,93545848.00,47.74,1.00,05-10-2021 11-18-26-26
0.00,0.00,0.00,0.00,93545944.00,47.82,1.00,05-10-2021 11-18-26-35
0.00,0.00,0.00,0.00,93545984.00,47.87,1.00,05-10-2021 11-18-26-39
0.00,0.00,0.00,0.00,93546080.00,47.96,1.00,05-10-2021 11-18-26-48
0.00,0.00,0.00,0.00,93546128.00,48.00,1.00,05-10-2021 11-18-26-53
0.00,0.00,0.00,0.00,93546264.00,48.14,1.00,05-10-2021 11-18-26-67
0.00,0.00,0.00,0.00,93546352.00,48.24,1.00,05-10-2021 11-18-26-76
0.00,0.00,0.00,0.00,93546448.00,48.32,1.00,05-10-2021 11-18-26-85
0.00,0.00,0.00,0.00,93546536.00,48.39,1.00,05-10-2021 11-18-26-94
0.00,0.00,0.00,0.00,93546624.00,48.50,1.00,05-10-2021 11-18-27-03
0.00,0.00,0.00,0.00,93546672.00,48.55,1.00,05-10-2021 11-18-27-08
0.00,0.00,0.00,0.00,93546720.00,48.58,1.00,05-10-2021 11-18-27-13
0.00,0.00,0.00,0.00,93546768.00,48.64,1.00,05-10-2021 11-18-27-17
0.00,0.00,0.00,0.00,93546808.00,48.69,1.00,05-10-2021 11-18-27-22
0.00,0.00,0.00,0.00,93546904.00,48.73,1.00,05-10-2021 11-18-27-31
0.00,0.00,0.00,0.00,93546944.00,48.79,1.00,05-10-2021 11-18-27-36
0.00,0.00,0.00,0.00,93546992.00,48.87,1.00,05-10-2021 11-18-27-40
0.00,0.00,0.00,0.00,93547040.00,48.91,1.00,05-10-2021 11-18-27-45
0.00,0.00,0.00,0.00,93547088.00,48.91,1.00,05-10-2021 11-18-27-49
0.00,0.00,0.00,0.00,93547224.00,49.10,1.00,05-10-2021 11-18-27-63
0.00,0.00,0.00,0.00,93547272.00,49.12,1.00,05-10-2021 11-18-27-68
0.00,0.00,0.00,0.00,93547360.00,49.24,1.00,05-10-2021 11-18-27-77
0.00,0.00,0.00,0.00,93547448.00,49.31,1.00,05-10-2021 11-18-27-86
0.00,0.00,0.00,0.00,93547496.00,49.37,1.00,05-10-2021 11-18-27-91
0.00,0.00,0.00,0.00,93547544.00,49.42,1.00,05-10-2021 11-18-27-95
0.00,0.00,0.00,0.00,93547592.00,49.47,1.00,05-10-2021 11-18-28-00
0.00,0.00,0.00,0.00,93547680.00,49.52,1.00,05-10-2021 11-18-28-09
0.00,0.00,0.00,0.00,93547728.00,49.60,1.00,05-10-2021 11-18-28-13
0.00,0.00,0.00,0.00,93547816.00,49.65,1.00,05-10-2021 11-18-28-22
0.00,0.00,0.00,0.00,93547912.00,49.79,1.00,05-10-2021 11-18-28-31
0.00,0.00,0.00,0.00,93548000.00,49.85,1.00,05-10-2021 11-18-28-40
0.00,0.00,0.00,0.00,93548096.00,49.97,1.00,05-10-2021 11-18-28-50
0.00,0.00,0.00,0.00,93548184.00,50.03,1.00,05-10-2021 11-18-28-59
0.00,0.00,0.00,0.00,93548232.00,50.11,1.00,05-10-2021 11-18-28-63
0.00,0.00,0.00,0.00,93548272.00,50.15,1.00,05-10-2021 11-18-28-68
0.00,0.00,0.00,0.00,93548368.00,50.25,1.00,05-10-2021 11-18-28-77
0.00,0.00,0.00,0.00,93548416.00,50.29,1.00,05-10-2021 11-18-28-82
0.00,0.00,0.00,0.00,93548456.00,50.33,1.00,05-10-2021 11-18-28-86
0.00,0.00,0.00,0.00,93548504.00,50.38,1.00,05-10-2021 11-18-28-91
0.00,0.00,0.00,0.00,93548552.00,50.44,1.00,05-10-2021 11-18-28-95
0.00,0.00,0.00,0.00,93548688.00,50.56,1.00,05-10-2021 11-18-29-09
0.00,0.00,0.00,0.00,93548736.00,50.61,1.00,05-10-2021 11-18-29-14
0.00,0.00,0.00,0.00,93548776.00,50.65,1.00,05-10-2021 11-18-29-18
0.00,0.00,0.00,0.00,93548872.00,50.74,1.00,05-10-2021 11-18-29-28
0.00,0.00,0.00,0.00,93548912.00,50.79,1.00,05-10-2021 11-18-29-32
0.00,0.00,0.00,0.00,93548960.00,50.83,1.00,05-10-2021 11-18-29-37
0.00,0.00,0.00,0.00,93549008.00,50.88,1.00,05-10-2021 11-18-29-41
0.00,0.00,0.00,93549096.00,50.97,1.00,05-10-2021 11-18-29-50
0.00,0.00,0.00,0.00,93549144.00,51.02,1.00,05-10-2021 11-18-29-55
0.00,0.00,0.00,0.00,93549192.00,51.06,1.00,05-10-2021 11-18-29-60
0.00,0.00,0.00,0.00,93549232.00,51.11,1.00,05-10-2021 11-18-29-64
0.00,0.00,0.00,0.00,93549328.00,51.20,1.00,05-10-2021 11-18-29-73
0.00,0.00,0.00,0.00,93549376.00,51.25,1.00,05-10-2021 11-18-29-78
0.00,0.00,0.00,0.00,93549416.00,51.29,1.00,05-10-2021 11-18-29-83
0.00,0.00,0.00,0.00,93549464.00,51.34,1.00,05-10-2021 11-18-29-87
0.00,0.00,0.00,0.00,93549512.00,51.38,1.00,05-10-2021 11-18-29-92
0.00,0.00,0.00,0.00,93549600.00,51.43,1.00,05-10-2021 11-18-30-01
0.00,0.00,0.00,0.00,93549648.00,51.49,1.00,05-10-2021 11-18-30-05
0.00,0.00,0.00,0.00,93549696.00,51.57,1.00,05-10-2021 11-18-30-10
0.00,0.00,0.00,0.00,93549744.00,51.61,1.00,05-10-2021 11-18-30-15
0.00,0.00,0.00,0.00,93549784.00,51.67,1.00,05-10-2021 11-18-30-19
0.00,0.00,0.00,0.00,93549832.00,51.71,1.00,05-10-2021 11-18-30-24
0.00,0.00,0.00,0.00,93549880.00,51.75,1.00,05-10-2021 11-18-30-28
0.00,0.00,0.00,0.00,93549920.00,51.80,1.00,05-10-2021 11-18-30-33
0.00,0.00,0.00,0.00,93550104.00,51.99,1.00,05-10-2021 11-18-30-51
0.00,0.00,0.00,0.00,93550200.00,52.07,1.00,05-10-2021 11-18-30-60
0.00,0.00,0.00,0.00,93550240.00,52.12,1.00,05-10-2021 11-18-30-65
0.00,0.00,0.00,0.00,93550384.00,52.26,1.00,05-10-2021 11-18-30-78
0.00,0.00,0.00,0.00,93550424.00,52.31,1.00,05-10-2021 11-18-30-83
0.00,0.00,0.00,0.00,93550472.00,52.35,1.00,05-10-2021 11-18-30-88
0.00,0.00,0.00,0.00,93550520.00,52.39,1.00,05-10-2021 11-18-30-92
0.00,0.00,0.00,0.00,93550560.00,52.44,1.00,05-10-2021 11-18-30-97
0.00,0.00,0.00,0.00,93550608.00,52.49,1.00,05-10-2021 11-18-31-01
0.00,0.00,0.00,0.00,93550656.00,52.53,1.00,05-10-2021 11-18-31-06
0.00,0.00,0.00,0.00,93550704.00,52.58,1.00,05-10-2021 11-18-31-10
0.00,0.00,0.00,0.00,93550792.00,52.68,1.00,05-10-2021 11-18-31-20
0.00,0.00,0.00,0.00,93550840.00,52.71,1.00,05-10-2021 11-18-31-24
0.00,0.00,0.00,0.00,93550880.00,52.75,1.00,05-10-2021 11-18-31-29
0.00,0.00,0.00,0.00,93550928.00,52.81,1.00,05-10-2021 11-18-31-33
0.00,0.00,0.00,0.00,93551024.00,52.90,1.00,05-10-2021 11-18-31-42
0.00,0.00,0.00,0.00,93551112.00,52.98,1.00,05-10-2021 11-18-31-52
0.00,0.00,0.00,0.00,93551296.00,53.18,1.00,05-10-2021 11-18-31-70
0.00,0.00,0.00,0.00,93551344.00,53.22,1.00,05-10-2021 11-18-31-75
0.00,0.00,0.00,0.00,93551384.00,53.26,1.00,05-10-2021 11-18-31-79
0.00,0.00,0.00,0.00,93551432.00,53.31,1.00,05-10-2021 11-18-31-84
0.00,0.00,0.00,0.00,93551480.00,53.36,1.00,05-10-2021 11-18-31-88
0.00,0.00,0.00,0.00,93551568.00,53.45,1.00,05-10-2021 11-18-31-97
0.00,0.00,0.00,0.00,93551616.00,53.49,1.00,05-10-2021 11-18-32-02
0.00,0.00,0.00,0.00,93551664.00,53.51,1.00,05-10-2021 11-18-32-07
0.00,0.00,0.00,0.00,93551704.00,53.58,1.00,05-10-2021 11-18-32-11
0.00,0.00,0.00,0.00,93551800.00,53.68,1.00,05-10-2021 11-18-32-20
0.00,0.00,0.00,0.00,93551888.00,53.73,1.00,05-10-2021 11-18-32-30
0.00,0.00,0.00,0.00,93551936.00,53.81,1.00,05-10-2021 11-18-32-34
0.00,0.00,0.00,0.00,93552024.00,53.85,1.00,05-10-2021 11-18-32-43
0.00,0.00,0.00,0.00,93552120.00,53.99,1.00,05-10-2021 11-18-32-52
0.00,0.00,0.00,0.00,93552208.00,54.06,1.00,05-10-2021 11-18-32-62
0.00,0.00,0.00,0.00,93552256.00,54.13,1.00,05-10-2021 11-18-32-66
0.00,0.00,0.00,0.00,93552304.00,54.18,1.00,05-10-2021 11-18-32-71
0.00,0.00,0.00,0.00,93552352.00,54.22,1.00,05-10-2021 11-18-32-75
0.00,0.00,0.00,0.00,93552392.00,54.28,1.00,05-10-2021 11-18-32-80
0.00,0.00,0.00,0.00,93552488.00,54.36,1.00,05-10-2021 11-18-32-89
0.00,0.00,0.00,0.00,93552528.00,54.41,1.00,05-10-2021 11-18-32-94
0.00,0.00,0.00,0.00,93552576.00,54.45,1.00,05-10-2021 11-18-32-98
0.00,0.00,0.00,0.00,93552672.00,54.54,1.00,05-10-2021 11-18-33-07
0.00,0.00,0.00,0.00,93552712.00,54.59,1.00,05-10-2021 11-18-33-12
0.00,0.00,0.00,0.00,93552848.00,54.73,1.00,05-10-2021 11-18-33-25
0.00,0.00,0.00,0.00,93552944.00,54.82,1.00,05-10-2021 11-18-33-35
0.00,0.00,0.00,0.00,93552992.00,54.86,1.00,05-10-2021 11-18-33-39
0.00,0.00,0.00,0.00,93553080.00,54.91,1.00,05-10-2021 11-18-33-48
0.00,0.00,0.00,0.00,93553128.00,54.97,1.00,05-10-2021 11-18-33-53
0.00,0.00,0.00,0.00,93553168.00,55.05,1.00,05-10-2021 11-18-33-57
0.00,0.00,0.00,0.00,93553264.00,55.15,1.00,05-10-2021 11-18-33-67
0.00,0.00,0.00,0.00,93553352.00,55.23,1.00,05-10-2021 11-18-33-76
0.00,0.00,0.00,0.00,93553448.00,55.30,1.00,05-10-2021 11-18-33-85
0.00,0.00,0.00,0.00,93553536.00,55.41,1.00,05-10-2021 11-18-33-94
0.00,0.00,0.00,0.00,93553632.00,55.48,1.00,05-10-2021 11-18-34-03
0.00,0.00,0.00,0.00,93553672.00,55.55,1.00,05-10-2021 11-18-34-08
0.00,0.00,0.00,0.00,93553720.00,55.59,1.00,05-10-2021 11-18-34-12
0.00,0.00,0.00,0.00,93553768.00,55.64,1.00,05-10-2021 11-18-34-17
0.00,0.00,0.00,0.00,93553904.00,55.78,1.00,05-10-2021 11-18-34-31
0.00,0.00,0.00,0.00,93553952.00,55.83,1.00,05-10-2021 11-18-34-35
0.00,0.00,0.00,0.00,93553992.00,55.87,1.00,05-10-2021 11-18-34-40
0.00,0.00,0.00,0.00,93554040.00,55.91,1.00,05-10-2021 11-18-34-45
0.00,0.00,0.00,0.00,93554088.00,55.96,1.00,05-10-2021 11-18-34-49
0.00,0.00,0.00,0.00,93554128.00,55.96,1.00,05-10-2021 11-18-34-54
0.00,0.00,0.00,0.00,93554176.00,56.02,1.00,05-10-2021 11-18-34-58
0.00,0.00,0.00,0.00,93554224.00,56.10,1.00,05-10-2021 11-18-34-63
0.00,0.00,0.00,0.00,93554272.00,56.14,1.00,05-10-2021 11-18-34-67
0.00,0.00,0.00,0.00,93554320.00,56.19,1.00,05-10-2021 11-18-34-72
0.00,0.00,0.00,0.00,93554360.00,56.23,1.00,05-10-2021 11-18-34-77
0.00,0.00,0.00,0.00,93554408.00,56.28,1.00,05-10-2021 11-18-34-81
0.00,0.00,0.00,0.00,93554456.00,56.33,1.00,05-10-2021 11-18-34-86
0.00,0.00,0.00,0.00,93554544.00,56.42,1.00,05-10-2021 11-18-34-95
0.00,0.00,0.00,0.00,93554592.00,56.46,1.00,05-10-2021 11-18-35-00
0.00,0.00,0.00,0.00,93554632.00,56.51,1.00,05-10-2021 11-18-35-04
0.00,0.00,0.00,0.00,93554680.00,56.51,1.00,05-10-2021 11-18-35-09
0.00,0.00,0.00,0.00,93554728.00,56.57,1.00,05-10-2021 11-18-35-13
0.00,0.00,0.00,0.00,93554768.00,56.65,1.00,05-10-2021 11-18-35-18
0.00,0.00,0.00,0.00,93554816.00,56.69,1.00,05-10-2021 11-18-35-22
0.00,0.00,0.00,0.00,93554864.00,56.75,1.00,05-10-2021 11-18-35-27
0.00,0.00,0.00,0.00,93554912.00,56.78,1.00,05-10-2021 11-18-35-31
0.00,0.00,0.00,0.00,93554960.00,56.83,1.00,05-10-2021 11-18-35-36
0.00,0.00,0.00,0.00,93555048.00,56.93,1.00,05-10-2021 11-18-35-45
0.00,0.00,0.00,0.00,93555096.00,56.97,1.00,05-10-2021 11-18-35-49
0.00,0.00,0.00,0.00,93555136.00,57.01,1.00,05-10-2021 11-18-35-54
0.00,0.00,0.00,0.00,93555184.00,57.06,1.00,05-10-2021 11-18-35-59
0.00,0.00,0.00,0.00,93555232.00,57.10,1.00,05-10-2021 11-18-35-63
0.00,0.00,0.00,0.00,93555320.00,57.20,1.00,05-10-2021 11-18-35-72
0.00,0.00,0.00,0.00,93555368.00,57.25,1.00,05-10-2021 11-18-35-77
0.00,0.00,0.00,0.00,93555416.00,57.29,1.00,05-10-2021 11-18-35-82
0.00,0.00,0.00,0.00,93555456.00,57.34,1.00,05-10-2021 11-18-35-86
0.00,0.00,0.00,0.00,93555504.00,57.38,1.00,05-10-2021 11-18-35-91
0.00,0.00,0.00,0.00,93555552.00,57.38,1.00,05-10-2021 11-18-35-95
0.00,0.00,0.00,0.00,93555600.00,57.44,1.00,05-10-2021 11-18-36-00
0.00,0.00,0.00,0.00,93555640.00,57.52,1.00,05-10-2021 11-18-36-04
0.00,0.00,0.00,0.00,93555736.00,57.60,1.00,05-10-2021 11-18-36-14
0.00,0.00,0.00,0.00,93555776.00,57.65,1.00,05-10-2021 11-18-36-18
0.00,0.00,0.00,0.00,93555824.00,57.70,1.00,05-10-2021 11-18-36-23
0.00,0.00,0.00,0.00,93555872.00,57.75,1.00,05-10-2021 11-18-36-27
0.00,0.00,0.00,0.00,93555960.00,57.84,1.00,05-10-2021 11-18-36-37
0.00,0.00,0.00,0.00,93556008.00,57.88,1.00,05-10-2021 11-18-36-41
0.00,0.00,0.00,0.00,93556056.00,57.92,1.00,05-10-2021 11-18-36-46
0.00,0.00,0.00,0.00,93556096.00,57.97,1.00,05-10-2021 11-18-36-50
0.00,0.00,0.00,0.00,93556144.00,58.02,1.00,05-10-2021 11-18-36-55
0.00,0.00,0.00,0.00,93556192.00,58.06,1.00,05-10-2021 11-18-36-59
0.00,0.00,0.00,0.00,93556240.00,58.11,1.00,05-10-2021 11-18-36-64
0.00,0.00,0.00,0.00,93556280.00,58.16,1.00,05-10-2021 11-18-36-69
0.00,0.00,0.00,0.00,93556328.00,58.20,1.00,05-10-2021 11-18-36-73
0.00,0.00,0.00,0.00,93556376.00,58.25,1.00,05-10-2021 11-18-36-78
0.00,0.00,0.00,93556464.00,58.34,1.00,05-10-2021 11-18-36-87
0.00,0.00,0.00,0.00,93556512.00,58.39,1.00,05-10-2021 11-18-36-92
0.00,0.00,0.00,0.00,93556560.00,58.43,1.00,05-10-2021 11-18-36-96
0.00,0.00,0.00,0.00,93556696.00,58.57,1.00,05-10-2021 11-18-37-10
0.00,0.00,0.00,0.00,93556744.00,58.61,1.00,05-10-2021 11-18-37-14
0.00,0.00,0.00,0.00,93556784.00,58.66,1.00,05-10-2021 11-18-37-19
0.00,0.00,0.00,0.00,93556832.00,58.70,1.00,05-10-2021 11-18-37-24
0.00,0.00,0.00,0.00,93556880.00,58.75,1.00,05-10-2021 11-18-37-28
0.00,0.00,0.00,0.00,93556928.00,58.80,1.00,05-10-2021 11-18-37-33
0.00,0.00,0.00,0.00,93556968.00,58.84,1.00,05-10-2021 11-18-37-37
0.00,0.00,0.00,0.00,93557016.00,58.89,1.00,05-10-2021 11-18-37-42
0.00,0.00,0.00,0.00,93557064.00,58.93,1.00,05-10-2021 11-18-37-46
0.00,0.00,0.00,0.00,93557152.00,59.02,1.00,05-10-2021 11-18-37-56
0.00,0.00,0.00,0.00,93557200.00,59.07,1.00,05-10-2021 11-18-37-60
0.00,0.00,0.00,0.00,93557248.00,59.12,1.00,05-10-2021 11-18-37-65
0.00,0.00,0.00,0.00,93557288.00,59.16,1.00,05-10-2021 11-18-37-69
0.00,0.00,0.00,0.00,93557336.00,59.21,1.00,05-10-2021 11-18-37-74
0.00,0.00,0.00,0.00,93557384.00,59.25,1.00,05-10-2021 11-18-37-78
0.00,0.00,0.00,0.00,93557424.00,59.30,1.00,05-10-2021 11-18-37-83
0.00,0.00,0.00,0.00,93557472.00,59.35,1.00,05-10-2021 11-18-37-88
0.00,0.00,0.00,0.00,93557520.00,59.39,1.00,05-10-2021 11-18-37-92
0.00,0.00,0.00,0.00,93557608.00,59.48,1.00,05-10-2021 11-18-38-01
0.00,0.00,0.00,0.00,93557656.00,59.53,1.00,05-10-2021 11-18-38-06
0.00,0.00,0.00,0.00,93557704.00,59.57,1.00,05-10-2021 11-18-38-10
0.00,0.00,0.00,0.00,93557744.00,59.62,1.00,05-10-2021 11-18-38-15
0.00,0.00,0.00,93557840.00,59.71,1.00,05-10-2021 11-18-38-24
0.00,0.00,0.00,0.00,93557888.00,59.76,1.00,05-10-2021 11-18-38-29
0.00,0.00,0.00,0.00,93557928.00,59.80,1.00,05-10-2021 11-18-38-33
0.00,0.00,0.00,0.00,93557976.00,59.84,1.00,05-10-2021 11-18-38-38
0.00,0.00,0.00,0.00,93558112.00,59.99,1.00,05-10-2021 11-18-38-51
0.00,0.00,0.00,0.00,93558160.00,60.03,1.00,05-10-2021 11-18-38-56
0.00,0.00,0.00,0.00,93558208.00,60.07,1.00,05-10-2021 11-18-38-61
0.00,0.00,0.00,0.00,93558248.00,60.12,1.00,05-10-2021 11-18-38-65
0.00,0.00,0.00,0.00,93558296.00,60.17,1.00,05-10-2021 11-18-38-70
0.00,0.00,0.00,0.00,93558344.00,60.22,1.00,05-10-2021 11-18-38-74
0.00,0.00,0.00,0.00,93558384.00,60.26,1.00,05-10-2021 11-18-38-79
0.00,0.00,0.00,0.00,93558432.00,60.30,1.00,05-10-2021 11-18-38-84
0.00,0.00,0.00,0.00,93558480.00,60.35,1.00,05-10-2021 11-18-38-88
0.00,0.00,0.00,0.00,93558528.00,60.39,1.00,05-10-2021 11-18-38-93
0.00,0.00,0.00,0.00,93558576.00,60.45,1.00,05-10-2021 11-18-38-97
0.00,0.00,0.00,0.00,93558616.00,60.49,1.00,05-10-2021 11-18-39-02
0.00,0.00,0.00,0.00,93558664.00,60.53,1.00,05-10-2021 11-18-39-06
0.00,0.00,0.00,0.00,93558752.00,60.62,1.00,05-10-2021 11-18-39-16
0.00,0.00,0.00,0.00,93558800.00,60.67,1.00,05-10-2021 11-18-39-20
0.00,0.00,0.00,0.00,93558848.00,60.72,1.00,05-10-2021 11-18-39-25
0.00,0.00,0.00,0.00,93558888.00,60.76,1.00,05-10-2021 11-18-39-29
0.00,0.00,0.00,0.00,93558936.00,60.81,1.00,05-10-2021 11-18-39-34
0.00,0.00,0.00,0.00,93558984.00,60.85,1.00,05-10-2021 11-18-39-39
0.00,0.00,0.00,0.00,93559024.00,60.90,1.00,05-10-2021 11-18-39-43
0.00,0.00,0.00,0.00,93559072.00,60.95,1.00,05-10-2021 11-18-39-48
0.00,0.00,0.00,0.00,93559120.00,60.99,1.00,05-10-2021 11-18-39-52
0.00,0.00,0.00,93559216.00,61.08,1.00,05-10-2021 11-18-39-62
0.00,0.00,0.00,0.00,93559256.00,61.13,1.00,05-10-2021 11-18-39-66
0.00,0.00,0.00,0.00,93559304.00,61.17,1.00,05-10-2021 11-18-39-71
0.00,0.00,0.00,0.00,93559352.00,61.22,1.00,05-10-2021 11-18-39-75
0.00,0.00,0.00,0.00,93559488.00,61.36,1.00,05-10-2021 11-18-39-89
0.00,0.00,0.00,0.00,93559536.00,61.40,1.00,05-10-2021 11-18-39-94
0.00,0.00,0.00,0.00,93559584.00,61.40,1.00,05-10-2021 11-18-39-98
0.00,0.00,0.00,0.00,93559712.00,61.59,1.00,05-10-2021 11-18-40-12
0.00,0.00,0.00,0.00,93559760.00,61.63,1.00,05-10-2021 11-18-40-16
0.00,0.00,0.00,0.00,93559808.00,61.67,1.00,05-10-2021 11-18-40-21
0.00,0.00,0.00,0.00,93559856.00,61.72,1.00,05-10-2021 11-18-40-25
0.00,0.00,0.00,0.00,93559944.00,61.82,1.00,05-10-2021 11-18-40-34
0.00,0.00,0.00,0.00,93559992.00,61.86,1.00,05-10-2021 11-18-40-39
0.00,0.00,0.00,0.00,93560032.00,61.90,1.00,05-10-2021 11-18-40-44
0.00,0.00,0.00,0.00,93560128.00,62.00,1.00,05-10-2021 11-18-40-53
0.00,0.00,0.00,0.00,93560176.00,62.05,1.00,05-10-2021 11-18-40-57
0.00,0.00,0.00,0.00,93560216.00,62.09,1.00,05-10-2021 11-18-40-62
0.00,0.00,0.00,0.00,93560264.00,62.14,1.00,05-10-2021 11-18-40-66
0.00,0.00,0.00,0.00,93560400.00,62.27,1.00,05-10-2021 11-18-40-80
0.00,0.00,0.00,0.00,93560448.00,62.32,1.00,05-10-2021 11-18-40-85
0.00,0.00,0.00,0.00,93560496.00,62.36,1.00,05-10-2021 11-18-40-89
0.00,0.00,0.00,0.00,93560536.00,62.41,1.00,05-10-2021 11-18-40-94
0.00,0.00,0.00,93560584.00,62.45,1.00,05-10-2021 11-18-40-99
0.00,0.00,0.00,0.00,93560632.00,62.50,1.00,05-10-2021 11-18-41-03
0.00,0.00,0.00,0.00,93560672.00,62.54,1.00,05-10-2021 11-18-41-08
0.00,0.00,0.00,0.00,93560720.00,62.59,1.00,05-10-2021 11-18-41-12
0.00,0.00,0.00,0.00,93560816.00,62.68,1.00,05-10-2021 11-18-41-21
0.00,0.00,0.00,0.00,93560856.00,62.73,1.00,05-10-2021 11-18-41-26
0.00,0.00,0.00,0.00,93560904.00,62.77,1.00,05-10-2021 11-18-41-31
0.00,0.00,0.00,0.00,93560952.00,62.82,1.00,05-10-2021 11-18-41-35
0.00,0.00,0.00,0.00,93561040.00,62.91,1.00,05-10-2021 11-18-41-44
0.00,0.00,0.00,0.00,93561088.00,62.96,1.00,05-10-2021 11-18-41-49
0.00,0.00,0.00,0.00,93561136.00,63.00,1.00,05-10-2021 11-18-41-54
0.00,0.00,0.00,0.00,93561184.00,63.05,1.00,05-10-2021 11-18-41-58
0.00,0.00,0.00,0.00,93561408.00,63.28,1.00,05-10-2021 11-18-41-81
0.00,0.00,0.00,0.00,93561456.00,63.32,1.00,05-10-2021 11-18-41-86
0.00,0.00,0.00,0.00,93561504.00,63.37,1.00,05-10-2021 11-18-41-90
0.00,0.00,0.00,0.00,93561544.00,63.42,1.00,05-10-2021 11-18-41-95
0.00,0.00,0.00,0.00,93561592.00,63.46,1.00,05-10-2021 11-18-41-99
0.00,0.00,0.00,0.00,93561640.00,63.51,1.00,05-10-2021 11-18-42-04
0.00,0.00,0.00,0.00,93561680.00,63.55,1.00,05-10-2021 11-18-42-09
0.00,0.00,0.00,0.00,93561728.00,63.60,1.00,05-10-2021 11-18-42-13
0.00,0.00,0.00,0.00,93561776.00,63.64,1.00,05-10-2021 11-18-42-18
0.00,0.00,0.00,0.00,93561824.00,63.69,1.00,05-10-2021 11-18-42-22
0.00,0.00,0.00,0.00,93561864.00,63.74,1.00,05-10-2021 11-18-42-27
0.00,0.00,0.00,0.00,93561912.00,63.78,1.00,05-10-2021 11-18-42-31
0.00,0.00,0.00,0.00,93561960.00,63.83,1.00,05-10-2021 11-18-42-36
0.00,0.00,0.00,0.00,93562000.00,63.87,1.00,05-10-2021 11-18-42-40
0.00,0.00,0.00,0.00,93562048.00,63.92,1.00,05-10-2021 11-18-42-45
0.00,0.00,0.00,0.00,93562096.00,63.97,1.00,05-10-2021 11-18-42-49
0.00,0.00,0.00,0.00,93562184.00,64.06,1.00,05-10-2021 11-18-42-58
0.00,0.00,0.00,0.00,93562232.00,64.10,1.00,05-10-2021 11-18-42-63
0.00,0.00,0.00,0.00,93562280.00,64.14,1.00,05-10-2021 11-18-42-68
0.00,0.00,0.00,0.00,93562320.00,64.19,1.00,05-10-2021 11-18-42-72
0.00,0.00,0.00,93562464.00,64.33,1.00,05-10-2021 11-18-42-86
0.00,0.00,0.00,0.00,93562504.00,64.37,1.00,05-10-2021 11-18-42-91
0.00,0.00,0.00,0.00,93562552.00,64.42,1.00,05-10-2021 11-18-42-95
0.00,0.00,0.00,0.00,93562600.00,64.47,1.00,05-10-2021 11-18-43-00
0.00,0.00,0.00,0.00,93562640.00,64.51,1.00,05-10-2021 11-18-43-04
0.00,0.00,0.00,0.00,93562688.00,64.56,1.00,05-10-2021 11-18-43-09
0.00,0.00,0.00,0.00,93562736.00,64.60,1.00,05-10-2021 11-18-43-13
0.00,0.00,0.00,0.00,93562784.00,64.65,1.00,05-10-2021 11-18-43-18
0.00,0.00,0.00,0.00,93562824.00,64.69,1.00,05-10-2021 11-18-43-23
0.00,0.00,0.00,0.00,93562872.00,64.74,1.00,05-10-2021 11-18-43-27
0.00,0.00,0.00,0.00,93562920.00,64.79,1.00,05-10-2021 11-18-43-32
0.00,0.00,0.00,0.00,93562960.00,64.83,1.00,05-10-2021 11-18-43-36
0.00,0.00,0.00,0.00,93563008.00,64.88,1.00,05-10-2021 11-18-43-41
0.00,0.00,0.00,0.00,93563104.00,64.97,1.00,05-10-2021 11-18-43-50
0.00,0.00,0.00,0.00,93563144.00,65.02,1.00,05-10-2021 11-18-43-54
0.00,0.00,0.00,0.00,93563192.00,65.06,1.00,05-10-2021 11-18-43-59
0.00,0.00,0.00,0.00,93563240.00,65.11,1.00,05-10-2021 11-18-43-64
0.00,0.00,0.00,0.00,93563280.00,65.15,1.00,05-10-2021 11-18-43-68
0.00,0.00,0.00,0.00,93563328.00,65.20,1.00,05-10-2021 11-18-43-73
0.00,0.00,0.00,0.00,93563376.00,65.25,1.00,05-10-2021 11-18-43-78
0.00,0.00,0.00,0.00,93563424.00,65.29,1.00,05-10-2021 11-18-43-82
0.00,0.00,0.00,0.00,93563464.00,65.34,1.00,05-10-2021 11-18-43-87
0.00,0.00,0.00,0.00,93563512.00,65.38,1.00,05-10-2021 11-18-43-91
0.00,0.00,0.00,0.00,93563560.00,65.43,1.00,05-10-2021 11-18-43-96
0.00,0.00,0.00,0.00,93563600.00,65.48,1.00,05-10-2021 11-18-44-01
0.00,0.00,0.00,0.00,93563648.00,65.52,1.00,05-10-2021 11-18-44-05
0.00,0.00,0.00,0.00,93563696.00,65.56,1.00,05-10-2021 11-18-44-10
0.00,0.00,0.00,0.00,93563744.00,65.61,1.00,05-10-2021 11-18-44-14
0.00,0.00,0.00,0.00,93563792.00,65.66,1.00,05-10-2021 11-18-44-19
0.00,0.00,0.00,0.00,93563832.00,65.70,1.00,05-10-2021 11-18-44-23
0.00,0.00,0.00,0.00,93563880.00,65.75,1.00,05-10-2021 11-18-44-28
0.00,0.00,0.00,0.00,93563928.00,65.79,1.00,05-10-2021 11-18-44-33
0.00,0.00,0.00,0.00,93563968.00,65.84,1.00,05-10-2021 11-18-44-37
0.00,0.00,0.00,0.00,93564016.00,65.89,1.00,05-10-2021 11-18-44-42
0.00,0.00,0.00,0.00,93564064.00,65.94,1.00,05-10-2021 11-18-44-46
0.00,0.00,0.00,0.00,93564112.00,65.98,1.00,05-10-2021 11-18-44-51
0.00,0.00,0.00,0.00,93564152.00,66.02,1.00,05-10-2021 11-18-44-55
0.00,0.00,0.00,0.00,93564248.00,66.11,1.00,05-10-2021 11-18-44-65
0.00,0.00,0.00,0.00,93564288.00,66.16,1.00,05-10-2021 11-18-44-69
0.00,0.00,0.00,0.00,93564336.00,66.20,1.00,05-10-2021 11-18-44-74
0.00,0.00,0.00,0.00,93564384.00,66.25,1.00,05-10-2021 11-18-44-78
0.00,0.00,0.00,0.00,93564472.00,66.34,1.00,05-10-2021 11-18-44-87
0.00,0.00,0.00,0.00,93564520.00,66.39,1.00,05-10-2021 11-18-44-92
0.00,0.00,0.00,0.00,93564568.00,66.43,1.00,05-10-2021 11-18-44-96
0.00,0.00,0.00,0.00,93564608.00,66.48,1.00,05-10-2021 11-18-45-01
0.00,0.00,0.00,0.00,93564656.00,66.53,1.00,05-10-2021 11-18-45-05
0.00,0.00,0.00,0.00,93564704.00,66.57,1.00,05-10-2021 11-18-45-10
0.00,0.00,0.00,0.00,93564752.00,66.62,1.00,05-10-2021 11-18-45-15
0.00,0.00,0.00,0.00,93564792.00,66.66,1.00,05-10-2021 11-18-45-19
0.00,0.00,0.00,0.00,93564840.00,66.71,1.00,05-10-2021 11-18-45-24
0.00,0.00,0.00,0.00,93564928.00,66.80,1.00,05-10-2021 11-18-45-33
0.00,0.00,0.00,0.00,93564976.00,66.85,1.00,05-10-2021 11-18-45-38
0.00,0.00,0.00,0.00,93565024.00,66.89,1.00,05-10-2021 11-18-45-42
0.00,0.00,0.00,0.00,93565072.00,66.94,1.00,05-10-2021 11-18-45-47
0.00,0.00,0.00,0.00,93565160.00,67.03,1.00,05-10-2021 11-18-45-56
0.00,0.00,0.00,0.00,93565208.00,67.08,1.00,05-10-2021 11-18-45-60
0.00,0.00,0.00,0.00,93565248.00,67.12,1.00,05-10-2021 11-18-45-65
0.00,0.00,0.00,0.00,93565296.00,67.16,1.00,05-10-2021 11-18-45-70
0.00,0.00,0.00,0.00,93565344.00,67.21,1.00,05-10-2021 11-18-45-74
0.00,0.00,0.00,0.00,93565392.00,67.26,1.00,05-10-2021 11-18-45-79
0.00,0.00,0.00,0.00,93565432.00,67.30,1.00,05-10-2021 11-18-45-83
0.00,0.00,0.00,0.00,93565480.00,67.35,1.00,05-10-2021 11-18-45-88
0.00,0.00,0.00,0.00,93565528.00,67.39,1.00,05-10-2021 11-18-45-93
0.00,0.00,0.00,0.00,93565576.00,67.44,1.00,05-10-2021 11-18-45-97
0.00,0.00,0.00,0.00,93565616.00,67.49,1.00,05-10-2021 11-18-46-02
0.00,0.00,0.00,0.00,93565664.00,67.54,1.00,05-10-2021 11-18-46-06
0.00,0.00,0.00,0.00,93565712.00,67.58,1.00,05-10-2021 11-18-46-11
0.00,0.00,0.00,0.00,93565752.00,67.62,1.00,05-10-2021 11-18-46-16
0.00,0.00,0.00,0.00,93565800.00,67.67,1.00,05-10-2021 11-18-46-20
0.00,0.00,0.00,0.00,93565848.00,67.71,1.00,05-10-2021 11-18-46-25
0.00,0.00,0.00,0.00,93565896.00,67.77,1.00,05-10-2021 11-18-46-29
0.00,0.00,0.00,0.00,93565936.00,67.81,1.00,05-10-2021 11-18-46-34
0.00,0.00,0.00,0.00,93565984.00,67.85,1.00,05-10-2021 11-18-46-38
0.00,0.00,0.00,0.00,93566072.00,67.94,1.00,05-10-2021 11-18-46-48
0.00,0.00,0.00,0.00,93566120.00,67.99,1.00,05-10-2021 11-18-46-52
0.00,0.00,0.00,0.00,93566168.00,68.04,1.00,05-10-2021 11-18-46-57
0.00,0.00,0.00,0.00,93566216.00,68.08,1.00,05-10-2021 11-18-46-61
0.00,0.00,0.00,0.00,93566256.00,68.13,1.00,05-10-2021 11-18-46-66
0.00,0.00,0.00,0.00,93566304.00,68.17,1.00,05-10-2021 11-18-46-71
0.00,0.00,0.00,0.00,93566352.00,68.22,1.00,05-10-2021 11-18-46-75
0.00,0.00,0.00,0.00,93566400.00,68.26,1.00,05-10-2021 11-18-46-80
0.00,0.00,0.00,0.00,93566440.00,68.31,1.00,05-10-2021 11-18-46-84
0.00,0.00,0.00,0.00,93566536.00,68.40,1.00,05-10-2021 11-18-46-93
0.00,0.00,0.00,0.00,93566576.00,68.45,1.00,05-10-2021 11-18-46-98
0.00,0.00,0.00,0.00,93566624.00,68.49,1.00,05-10-2021 11-18-47-03
0.00,0.00,0.00,0.00,93566672.00,68.54,1.00,05-10-2021 11-18-47-07
0.00,0.00,0.00,0.00,93566720.00,68.59,1.00,05-10-2021 11-18-47-12
0.00,0.00,0.00,0.00,93566760.00,68.63,1.00,05-10-2021 11-18-47-16
0.00,0.00,0.00,0.00,93566808.00,68.68,1.00,05-10-2021 11-18-47-21
0.00,0.00,0.00,0.00,93566856.00,68.72,1.00,05-10-2021 11-18-47-25
0.00,0.00,0.00,0.00,93566896.00,68.77,1.00,05-10-2021 11-18-47-30
0.00,0.00,0.00,0.00,93567040.00,68.91,1.00,05-10-2021 11-18-47-43
0.00,0.00,0.00,0.00,93567080.00,68.95,1.00,05-10-2021 11-18-47-48
0.00,0.00,0.00,0.00,93567128.00,68.99,1.00,05-10-2021 11-18-47-53
0.00,0.00,0.00,0.00,93567216.00,69.09,1.00,05-10-2021 11-18-47-62
0.00,0.00,0.00,0.00,93567264.00,69.14,1.00,05-10-2021 11-18-47-66
0.00,0.00,0.00,0.00,93567312.00,69.18,1.00,05-10-2021 11-18-47-71
0.00,0.00,0.00,0.00,93567360.00,69.22,1.00,05-10-2021 11-18-47-75
0.00,0.00,0.00,0.00,93567448.00,69.32,1.00,05-10-2021 11-18-47-85
0.00,0.00,0.00,0.00,93567496.00,69.36,1.00,05-10-2021 11-18-47-89
0.00,0.00,0.00,0.00,93567536.00,69.41,1.00,05-10-2021 11-18-47-94
0.00,0.00,0.00,0.00,93567584.00,69.45,1.00,05-10-2021 11-18-47-98
0.00,0.00,0.00,0.00,93567632.00,69.50,1.00,05-10-2021 11-18-48-03
0.00,0.00,0.00,0.00,93567680.00,69.54,1.00,05-10-2021 11-18-48-08
0.00,0.00,0.00,0.00,93567720.00,69.59,1.00,05-10-2021 11-18-48-12
0.00,0.00,0.00,0.00,93567768.00,69.63,1.00,05-10-2021 11-18-48-17
0.00,0.00,0.00,0.00,93567816.00,69.68,1.00,05-10-2021 11-18-48-21
0.00,0.00,0.00,0.00,93567856.00,69.73,1.00,05-10-2021 11-18-48-26
0.00,0.00,0.00,0.00,93567904.00,69.77,1.00,05-10-2021 11-18-48-30
0.00,0.00,0.00,0.00,93567952.00,69.82,1.00,05-10-2021 11-18-48-35
0.00,0.00,0.00,0.00,93568000.00,69.86,1.00,05-10-2021 11-18-48-40
0.00,0.00,0.00,0.00,93568048.00,69.91,1.00,05-10-2021 11-18-48-44
0.00,0.00,0.00,0.00,93568184.00,70.05,1.00,05-10-2021 11-18-48-58
0.00,0.00,0.00,0.00,93568224.00,70.09,1.00,05-10-2021 11-18-48-63
0.00,0.00,0.00,0.00,93568272.00,70.14,1.00,05-10-2021 11-18-48-67
0.00,0.00,0.00,0.00,93568320.00,70.18,1.00,05-10-2021 11-18-48-72
0.00,0.00,0.00,0.00,93568368.00,70.23,1.00,05-10-2021 11-18-48-76
0.00,0.00,0.00,0.00,93568408.00,70.28,1.00,05-10-2021 11-18-48-81
0.00,0.00,0.00,0.00,93568456.00,70.32,1.00,05-10-2021 11-18-48-85
0.00,0.00,0.00,0.00,93568504.00,70.37,1.00,05-10-2021 11-18-48-90
0.00,0.00,0.00,0.00,93568728.00,70.60,1.00,05-10-2021 11-18-49-13
0.00,0.00,0.00,0.00,93568864.00,70.73,1.00,05-10-2021 11-18-49-26
0.00,0.00,0.00,0.00,93568912.00,70.78,1.00,05-10-2021 11-18-49-31
0.00,0.00,0.00,0.00,93568960.00,70.82,1.00,05-10-2021 11-18-49-36
0.00,0.00,0.00,93569048.00,70.92,1.00,05-10-2021 11-18-49-45
0.00,0.00,0.00,0.00,93569096.00,70.96,1.00,05-10-2021 11-18-49-49
0.00,0.00,0.00,0.00,93569144.00,71.01,1.00,05-10-2021 11-18-49-54
0.00,0.00,0.00,0.00,93569184.00,71.06,1.00,05-10-2021 11-18-49-58
0.00,0.00,0.00,0.00,93569280.00,71.15,1.00,05-10-2021 11-18-49-67
0.00,0.00,0.00,0.00,93569328.00,71.19,1.00,05-10-2021 11-18-49-72
0.00,0.00,0.00,0.00,93569368.00,71.23,1.00,05-10-2021 11-18-49-77
0.00,0.00,0.00,0.00,93569416.00,71.28,1.00,05-10-2021 11-18-49-82
0.00,0.00,0.00,0.00,93569504.00,71.37,1.00,05-10-2021 11-18-49-90
0.00,0.00,0.00,0.00,93569552.00,71.43,1.00,05-10-2021 11-18-49-95
0.00,0.00,0.00,0.00,93569600.00,71.46,1.00,05-10-2021 11-18-50-00
0.00,0.00,0.00,0.00,93569648.00,71.51,1.00,05-10-2021 11-18-50-04
0.00,0.00,0.00,0.00,93569784.00,71.65,1.00,05-10-2021 11-18-50-18
0.00,0.00,0.00,0.00,93569824.00,71.69,1.00,05-10-2021 11-18-50-22
0.00,0.00,0.00,0.00,93569872.00,71.74,1.00,05-10-2021 11-18-50-27
0.00,0.00,0.00,0.00,93569920.00,71.78,1.00,05-10-2021 11-18-50-32
0.00,0.00,0.00,0.00,93569968.00,71.83,1.00,05-10-2021 11-18-50-36
0.00,0.00,0.00,0.00,93570008.00,71.88,1.00,05-10-2021 11-18-50-41
0.00,0.00,0.00,0.00,93570056.00,71.92,1.00,05-10-2021 11-18-50-45
0.00,0.00,0.00,0.00,93570104.00,71.97,1.00,05-10-2021 11-18-50-50
0.00,0.00,0.00,0.00,93570192.00,72.06,1.00,05-10-2021 11-18-50-59
0.00,0.00,0.00,0.00,93570240.00,72.11,1.00,05-10-2021 11-18-50-64
0.00,0.00,0.00,0.00,93570288.00,72.15,1.00,05-10-2021 11-18-50-68
0.00,0.00,0.00,0.00,93570328.00,72.20,1.00,05-10-2021 11-18-50-73
0.00,0.00,0.00,0.00,93570424.00,72.29,1.00,05-10-2021 11-18-50-82
0.00,0.00,0.00,0.00,93570464.00,72.34,1.00,05-10-2021 11-18-50-87
0.00,0.00,0.00,0.00,93570512.00,72.38,1.00,05-10-2021 11-18-50-91
0.00,0.00,0.00,0.00,93570560.00,72.43,1.00,05-10-2021 11-18-50-96
0.00,0.00,0.00,93570656.00,72.52,1.00,05-10-2021 11-18-51-05
0.00,0.00,0.00,0.00,93570696.00,72.56,1.00,05-10-2021 11-18-51-10
0.00,0.00,0.00,0.00,93570744.00,72.61,1.00,05-10-2021 11-18-51-14
0.00,0.00,0.00,0.00,93570792.00,72.65,1.00,05-10-2021 11-18-51-19
0.00,0.00,0.00,0.00,93570832.00,72.70,1.00,05-10-2021 11-18-51-23
0.00,0.00,0.00,0.00,93570880.00,72.75,1.00,05-10-2021 11-18-51-28
0.00,0.00,0.00,0.00,93570976.00,72.84,1.00,05-10-2021 11-18-51-37
0.00,0.00,0.00,0.00,93571016.00,72.88,1.00,05-10-2021 11-18-51-42
0.00,0.00,0.00,0.00,93571064.00,72.93,1.00,05-10-2021 11-18-51-46
0.00,0.00,0.00,0.00,93571112.00,72.98,1.00,05-10-2021 11-18-51-51
0.00,0.00,0.00,0.00,93571152.00,73.03,1.00,05-10-2021 11-18-51-55
0.00,0.00,0.00,0.00,93571200.00,73.07,1.00,05-10-2021 11-18-51-60
0.00,0.00,0.00,0.00,93571248.00,73.11,1.00,05-10-2021 11-18-51-64
0.00,0.00,0.00,0.00,93571336.00,73.20,1.00,05-10-2021 11-18-51-73
0.00,0.00,0.00,0.00,93571384.00,73.25,1.00,05-10-2021 11-18-51-93
